1661 62
2938 899
1536 213
2252 751
-614 -1360
2625 -2767
-1550 2641
404 3356
-2028 349
-1562 -1895
-2456 -2963
566 -177
2355 -3000
-451 -371
800 3739
-3979 -2489
-1817 -859
-1607 1314
1613 904
-1752 -914
-3449 -2898
-1530 -1617
228 3448
-1916 1139
-586 1969
4077 -1943
1420 -2989
987 -2038
1127 2164
3111 3420
-64 3656
-2337 -3
2517 689
450 3407
-2033 -362
2073 3989
-259 -48
2226 -134
-1644 660
-2696 2755
3634 1018
456 -1578
3872 -1316
935 -3774
-1780 710
-3925 1126
-3152 1293
1736 -1523
3422 -3516
597 -2888
298 3042
-1364 -395
2634 -573
-2029 2723
-1135 2759
1965 -546
3343 1929
-1544 420
-1816 -2799
348 4061
1256 -1644
-837 1449
3018 1858
4029 3349
