160.0 143.0
114.0 18.0
116.0 33.0
100.0 105.0
150.0 186.0
10.0 109.0
112.0 89.0
162.0 63.0
9.0 135.0
83.0 128.0
149.0 180.0
0.0 139.0
121.0 35.0
149.0 42.0
66.0 80.0
112.0 69.0
92.0 122.0
70.0 222.0
76.0 50.0
65.0 95.0
172.0 3.0
205.0 182.0
84.0 119.0
140.0 58.0
113.0 50.0
165.0 144.0
156.0 212.0
59.0 30.0
131.0 77.0
40.0 74.0
163.0 132.0
128.0 91.0
55.0 123.0
11.0 101.0
156.0 171.0
186.0 19.0
156.0 195.0
167.0 215.0
160.0 119.0
117.0 143.0
167.0 166.0
152.0 121.0
68.0 18.0
0.0 125.0
0.0 220.0
101.0 178.0
195.0 203.0
62.0 163.0
152.0 43.0
131.0 202.0
207.0 202.0
223.0 192.0
223.0 209.0
214.0 59.0
52.0 9.0
33.0 57.0
24.0 159.0
185.0 202.0
191.0 191.0
152.0 8.0
24.0 195.0
190.0 127.0
67.0 59.0
61.0 200.0
