17 -6 -10 23 
-25 28 -3 -2 
31 -3 -10 8 
-2 -23 -20 -22 
15 -19 24 -5 
-21 -32 -10 -30 
-19 -12 -25 -7 
31 -22 -17 28 
23 -26 -30 28 
7 -2 -18 16 
-6 1 2 12 
-25 -4 31 -22 
-23 -6 20 28 
-13 -6 12 23 
10 -15 1 22 
-6 -25 18 2 
-15 24 -8 -2 
-3 -24 -31 15 
-10 10 -1 -9 
22 -11 -11 -7 
-30 -25 -29 -32 
-18 22 29 -2 
-21 -30 27 -5 
-7 -30 22 -15 
4 22 27 -18 
12 -27 -26 14 
-23 19 20 -24 
-14 10 30 24 
-18 31 -3 -22 
-21 30 28 -1 
2 23 12 20 
14 -7 -2 10 
17 -6 -10 23 
-25 28 -3 -2 
31 -3 -10 8 
-2 -23 -20 -22 
15 -19 24 -5 
-21 -32 -10 -30 
-19 -12 -25 -7 
31 -22 -17 28 
23 -26 -30 28 
7 -2 -18 16 
-6 1 2 12 
-25 -4 31 -22 
-23 -6 20 28 
-13 -6 12 23 
10 -15 1 22 
-6 -25 18 2 
-15 24 -8 -2 
-3 -24 -31 15 
-10 10 -1 -9 
22 -11 -11 -7 
-30 -25 -29 -32 
-18 22 29 -2 
-21 -30 27 -5 
-7 -30 22 -15 
4 22 27 -18 
12 -27 -26 14 
-23 19 20 -24 
-14 10 30 24 
-18 31 -3 -22 
-21 30 28 -1 
2 23 12 20 
14 -7 -2 10 
