-7062569 -6791574
-7037456 -1033781
-299048 21279613
6720163 -10331825
16099314 -29523593
6689054 11160936
-10824660 21082029
-6183016 1702131
-7428841 22293592
-21367743 -7868600
31242677 -3455177
11689089 12707300
-27957223 -12815465
-22093892 -34954770
-9437043 -11001275
28300697 6299359
-10674519 11978460
-11488066 18910196
4287813 -5975509
16112609 -47559165
-12503395 -7515627
-18159686 18287559
106495 -18546410
-6225615 -15060667
1885568 -6843525
-36389640 -17106680
20103357 452104
12866397 32108781
-9443977 42596281
2036328 -9719661
21851749 13412632
-18818277 15336884
4661058 -12463775
21782917 10138615
-19361330 -11603048
-13201417 -5343248
-3251424 20511056
1741392 -11713102
16550497 -1495679
18704201 1853658
8658011 -10986778
-5424534 13306478
-930580 -654232
-4196089 -3987097
-14889840 -869624
5464981 -9765778
-9832580 -5792416
19020932 -17393312
-42722037 44534491
-10799059 -23725901
5633529 -15570624
1121893 -10819387
-17935119 6170222
-16002229 5975675
324083 -5153015
-4855776 -17091863
3715108 12209022
-875281 35236239
11495988 -8125718
-22589252 -18293180
35827979 -28177819
19491924 23364241
-13382656 14250301
-15904870 3327059
