-257 78 1021 1229 
-1128 -175 190 -1228 
-210 1615 -985 265 
-90 407 -211 -327 
-703 1042 -93 -945 
-404 -66 -2171 -1056 
-640 816 -3430 986 
1728 761 1475 1405 
-1131 1014 -2563 2604 
564 234 1628 -325 
-1527 300 2029 -170 
330 195 -1169 -1130 
-1581 -189 66 314 
619 -249 -884 -476 
-1847 509 -548 1004 
1196 -111 -280 -729 
222 1649 -1273 -550 
289 917 -440 926 
468 416 -822 -899 
383 474 151 1033 
-1025 -606 911 797 
448 445 446 -593 
-1963 3 -128 -784 
1043 -102 -1815 -684 
1706 59 -965 -1608 
-254 -322 -769 1147 
793 -1820 2115 -950 
-38 -735 -607 163 
1067 -1201 3322 -939 
-721 -90 -258 -74 
350 -35 -53 -405 
262 -153 87 640 
