1.094660000e+05 9.814000000e+04
1.010660000e+05 1.072400000e+05
1.014010000e+05 9.744900000e+04
9.827100000e+04 1.199170000e+05
1.001490000e+05 1.254820000e+05
1.209410000e+05 1.199500000e+05
1.115280000e+05 9.064900000e+04
7.573500000e+04 1.382530000e+05
1.051270000e+05 1.077670000e+05
1.230560000e+05 8.356000000e+04
1.174210000e+05 8.476000000e+04
8.555000000e+04 1.285150000e+05
8.006700000e+04 7.149800000e+04
9.504100000e+04 8.876900000e+04
7.240000000e+04 7.605600000e+04
7.854000000e+04 1.015530000e+05
8.367200000e+04 1.112310000e+05
1.153870000e+05 9.494300000e+04
1.129940000e+05 7.523200000e+04
7.778800000e+04 1.336150000e+05
9.599700000e+04 1.126980000e+05
1.453520000e+05 1.236730000e+05
1.044020000e+05 8.716700000e+04
9.823200000e+04 1.526730000e+05
1.042400000e+05 1.208790000e+05
1.432650000e+05 1.109690000e+05
1.047900000e+05 7.532700000e+04
8.554400000e+04 1.452190000e+05
9.449900000e+04 1.122260000e+05
1.228020000e+05 1.062340000e+05
1.024930000e+05 8.139100000e+04
7.591200000e+04 1.205280000e+05
9.109500000e+04 1.150710000e+05
1.242500000e+05 1.137420000e+05
9.960100000e+04 7.969400000e+04
4.783400000e+04 1.149650000e+05
1.534590000e+05 1.667830000e+05
1.799790000e+05 1.583390000e+05
1.704530000e+05 1.338940000e+05
1.345920000e+05 2.033290000e+05
1.080620000e+05 1.059290000e+05
1.052080000e+05 9.640100000e+04
1.125750000e+05 9.052500000e+04
1.144360000e+05 1.441440000e+05
1.457330000e+05 1.486580000e+05
1.646180000e+05 1.266760000e+05
1.629540000e+05 1.236990000e+05
1.076430000e+05 1.713810000e+05
1.407120000e+05 1.642800000e+05
2.067270000e+05 1.649280000e+05
1.669920000e+05 1.359690000e+05
1.266990000e+05 1.951560000e+05
1.230500000e+05 1.076580000e+05
1.022070000e+05 1.155440000e+05
1.044560000e+05 9.965600000e+04
1.221190000e+05 1.523980000e+05
1.383730000e+05 1.477490000e+05
1.677070000e+05 1.514700000e+05
1.433850000e+05 1.122190000e+05
8.397400000e+04 1.642430000e+05
1.295880000e+05 9.969200000e+04
1.236620000e+05 1.066830000e+05
1.358470000e+05 1.280680000e+05
1.218210000e+05 1.478230000e+05
