16711 1338 
19898 2744 
20745 387 
18909 -1606 
16307 -839 
15459 240 
17326 -170 
20476 -116 
22308 1358 
21271 1425 
18196 -1253 
15576 -2881 
15437 -339 
17600 2996 
19840 2133 
19796 -1554 
17003 -2624 
13294 -173 
11242 1565 
11964 677 
14175 -206 
15298 300 
13686 47 
10040 -1525 
6819 -1349 
6147 1495 
7997 2873 
10224 57 
10410 -3104 
7938 -1893 
4526 1746 
2754 2481 
3859 -25 
6667 -1500 
8602 -527 
7883 149 
5048 -422 
2482 46 
2368 1684 
4807 1245 
7722 -1735 
8626 -2835 
6744 230 
3667 3180 
1977 1639 
3030 -1913 
5783 -2319 
7684 205 
6848 1414 
3673 391 
494 -71 
-419 530 
1194 -163 
3370 -1833 
3597 -1114 
982 1968 
-2983 2765 
-5689 -520 
-5637 -3226 
-3710 -1375 
-2409 2053 
-3698 2141 
-7310 -363 
-10965 -1310 
-12316 -272 
-10944 -24 
-8714 -624 
-8165 301 
-10334 1967 
-13856 958 
-16136 -2191 
-15566 -2665 
-12907 807 
-10634 3240 
-10822 1103 
-13373 -2165 
-16104 -1949 
-16628 498 
-14404 1190 
-11211 172 
-9634 137 
-10861 698 
-13672 -457 
-15497 -2083 
-14629 -777 
-11690 2400 
-9111 2536 
-9055 -1088 
-11570 -3222 
-14549 -829 
-15545 2247 
-13859 1749 
-11148 -609 
-9995 -1059 
-11697 -94 
-15149 -263 
-17781 -753 
-17755 630 
-15528 2180 
-13453 574 
-13753 -2593 
-16604 -2378 
-19975 1360 
-21359 3173 
-19908 556 
-17152 -2299 
-15680 -1542 
-16914 693 
-19886 918 
-22063 38 
-21512 400 
-18559 785 
-15505 -817 
-14662 -2253 
-16373 -351 
-18724 2765 
-19191 2193 
-16811 -1618 
-13014 -3093 
-10408 -288 
-10558 2322 
-12652 1334 
-14211 -752 
-13220 -772 
-9867 -7 
-6391 -543 
-5171 -792 
-6698 1014 
-9156 2302 
-9990 111 
-8089 -2914 
-4747 -1985 
-2549 1859 
-3158 2985 
-5886 28 
-8277 -2316 
-8209 -1127 
-5699 784 
-2885 624 
-2182 0 
-4204 691 
-7230 774 
-8665 -1219 
-7255 -2323 
-4151 142 
-1917 3037 
-2319 1754 
-4814 -2080 
-7003 -2850 
-6685 219 
-3741 2282 
-232 925 
1360 -791 
264 -477 
-1931 -18 
-2640 -839 
-503 -730 
3440 1427 
6633 2316 
7182 -406 
5465 -3133 
3803 -1505 
4454 2278 
7674 2691 
11482 -452 
13352 -2222 
12364 -732 
9989 772 
8820 336 
10345 60 
13673 983 
16291 660 
16221 -1635 
13714 -2280 
11038 677 
10543 3199 
12650 1241 
15502 -2451 
16559 -2509 
14787 666 
11553 2138 
9461 551 
10137 -730 
12841 -204 
15113 -126 
14890 -1120 
12279 -563 
9475 1840 
8884 2215 
11067 -951 
14261 -3234 
15893 -965 
14780 2597 
12142 2309 
10553 -859 
11730 -2032 
15056 -385 
18100 666 
18691 83 
16768 214 
14423 1247 
14096 442 
16477 -2037 
19902 -2120 
21771 1224 
20764 3238 
17965 680 
15927 -2713 
16477 -2093 
19149 1030 
21579 1908 
21530 237 
18809 -583 
15434 21 
13911 -323 
15090 -1360 
17445 -296 
18391 2223 
16505 1995 
12755 -1493 
9684 -3210 
9239 -391 
11116 2800 
13029 1865 
12681 -1175 
9739 -1767 
6129 -108 
4393 482 
5517 -110 
8092 450 
9524 1456 
8254 128 
5101 -2394 
2549 -1843 
2624 1754 
5148 3150 
7887 102 
8458 -2855 
6361 -1629 
3398 1294 
2120 1613 
3631 2 
6633 -367 
8527 178 
7630 -593 
4609 -1533 
1903 60 
1622 2548 
3741 1665 
6113 -2002 
6306 -3060 
3689 183 
-28 2880 
-2259 1387 
-1747 -1385 
357 -1450 
1496 80 
-100 242 
-3889 -225 
-7467 749 
-8618 1588 
-7205 -266 
-5272 -2681 
-5284 -1461 
-8006 2235 
-11837 2939 
-14172 -461 
-13629 -2874 
-11224 -1145 
-9498 1449 
-10337 1282 
-13353 -139 
-16220 -108 
-16665 248 
-14422 -915 
-11463 -1618 
-10315 487 
-11904 2790 
-14770 1236 
-16325 -2449 
-15085 -2791 
-11945 729 
-9429 2838 
-9532 906 
-12026 -1485 
-14659 -1111 
-15097 173 
-12925 -29 
-10014 -247 
-8917 1087 
-10687 1623 
-13975 -721 
-16185 -2874 
-15695 -992 
-13243 2641 
-11290 2617 
-11902 -983 
-14976 -2774 
-18317 -674 
-19508 1494 
-17972 941 
-15456 -182 
-14521 167 
-16340 220 
-19685 -1263 
-21965 -1601 
-21443 962 
-18713 2930 
-16189 731 
-16029 -2808 
-18289 -2419 
-20869 1218 
-21316 2683 
-18927 451 
-15356 -1477 
-13201 -777 
-13788 166 
-16040 -303 
-17412 -169 
-16079 1439 
-12511 1551 
-9080 -1209 
-8040 -2956 
-9607 -457 
-11781 2948 
-12072 2201 
-9641 -1434 
-6024 -2567 
-3824 -242 
-4485 1435 
-7057 621 
-9013 -126 
-8411 433 
-5557 93 
-2740 -1610 
-2264 -1473 
-4469 1456 
-7432 2952 
-8606 173 
-6992 -3060 
-3985 -1965 
-2170 1626 
-3096 2429 
-5939 48 
-8201 -1370 
-7838 -476 
-5005 64 
-1918 -553 
-947 7 
-2587 1773 
-5026 1367 
-5703 -1701 
-3497 -2917 
302 115 
3104 3141 
3221 1715 
1315 -1793 
-184 -2272 
833 125 
4341 1285 
8183 347 
9916 18 
8887 660 
6783 -130 
6179 -1926 
8317 -1234 
12038 1940 
14765 2851 
14708 -406 
12388 -3192 
10192 -1454 
10327 1933 
12925 2099 
15939 -278 
16894 -1181 
15017 -234 
11903 -119 
10157 -751 
11173 274 
13946 2064 
15945 1075 
15291 -2168 
12378 -2754 
9543 694 
9077 3210 
11266 1187 
14161 -2045 
15247 -1913 
13608 408 
10712 1063 
9160 141 
10452 237 
13709 823 
16416 -437 
16577 -2184 
14417 -891 
12184 2383 
12214 2627 
14920 -977 
18430 -3197 
20179 -917 
19098 2128 
16516 1718 
15013 -514 
16202 -933 
19334 -70 
21935 -367 
21918 -875 
19364 617 
16450 2283 
15583 685 
17334 -2581 
19952 -2472 
20868 1250 
18896 3152 
15260 647 
12548 -2181 
12505 -1518 
14548 594 
16275 794 
15532 21 
12271 508 
8601 903 
6991 -810 
8167 -2359 
10497 -460 
11398 2758 
9558 2291 
6062 -1510 
3470 -3078 
3624 -383 
6075 2205 
8462 1315 
8536 -648 
6082 -650 
3098 2 
2076 -656 
3860 -907 
6915 1014 
8632 2410 
7552 217 
4609 -2912 
2315 -2084 
2603 1753 
5160 2975 
7683 127 
7852 -2201 
5303 -1114 
1941 676 
301 505 
1376 -2 
3766 807 
4877 886 
3149 -1224 
-604 -2434 
-3887 39 
-4653 3040 
-3045 1856 
-1270 -1976 
-1693 -2845 
-4802 116 
-8781 2169 
-11049 919 
-10469 -678 
-8303 -362 
-7128 -22 
-8617 -957 
-12100 -838 
-15130 1439 
-15579 2429 
-13453 -307 
-10892 -3141 
-10331 -1610 
-12421 2177 
-15474 2690 
-16912 -345 
-15486 -2112 
-12350 -732 
-10086 656 
-10495 224 
-13071 71 
-15440 1104 
-15406 763 
-12842 -1653 
-9808 -2395 
-8795 581 
-10599 3212 
-13645 1347 
-15342 -2352 
-14307 -2514 
-11549 556 
-9610 2030 
-10381 558 
-13483 -610 
-16585 -95 
-17397 -144 
-15623 -1243 
-13208 -662 
-12660 1863 
-14896 2330 
-18441 -859 
-20685 -3252 
-20106 -1073 
-17565 2500 
-15558 2319 
-16069 -747 
-18863 -1927 
-21680 -399 
-22166 543 
-19887 -20 
-16696 238 
-15149 1372 
-16312 536 
-18855 -2066 
-20192 -2236 
-18706 1136 
-15137 3260 
-11960 791 
-11275 -2619 
-13012 -2109 
-15008 914 
-14868 1806 
-12028 257 
-8247 -457 
-6114 121 
-6834 -354 
-9209 -1486 
-10667 -385 
-9475 2257 
-6223 2113 
-3326 -1409 
-2952 -3237 
-5168 -504 
-7876 2708 
-8609 1886 
-6639 -1056 
-3593 -1668 
-2052 -135 
-3331 354 
-6343 -205 
-8521 487 
-8005 1584 
-5227 212 
-2533 -2434 
-2157 -1961 
-4308 1673 
-6977 3182 
-7653 216 
-5472 -2767 
-1951 -1655 
311 1173 
-135 1519 
-2357 35 
-3837 -238 
-2633 268 
946 -637 
4604 -1661 
6011 -19 
4791 2593 
2836 1783 
2671 -1925 
5283 -3096 
9261 67 
11999 2795 
11913 1420 
9793 -1262 
8116 -1360 
8917 40 
12042 110 
15271 -309 
16225 799 
14395 1716 
11584 -192 
10364 -2730 
11875 -1580 
14855 2162 
16729 2980 
15820 -344 
12797 -2793 
10111 -1184 
9905 1324 
12188 1196 
14838 -93 
15430 24 
13324 327 
10217 -971 
8705 -1747 
10057 418 
13138 2845 
15385 1355 
15001 -2380 
12498 -2837 
10257 611 
10482 2761 
13313 950 
16694 -1358 
18132 -1030 
16822 120 
14327 -162 
13231 -320 
14914 1149 
18357 1751 
21010 -657 
20959 -2933 
18564 -1110 
16134 2576 
15948 2667 
18291 -863 
21209 -2700 
22175 -723 
20256 1365 
16909 865 
14736 -122 
15256 301 
17611 288 
19304 -1330 
18347 -1728 
14974 904 
11447 2993 
10129 849 
11474 -2747 
13643 -2474 
14095 1098 
11771 2613 
8013 506 
5424 -1347 
5642 -706 
7950 100 
9890 -437 
9376 -230 
6482 1511 
3381 1678 
2479 -1155 
4357 -3023 
7262 -575 
8611 2892 
7190 2260 
4192 -1313 
2180 -2502 
2889 -303 
5724 1304 
8261 556 
8315 -55 
5801 566 
2798 148 
1758 -1687 
3401 -1598 
6090 1408 
7229 3023 
5485 291 
1926 -3008 
-890 -2028 
-1110 1504 
833 2369 
2599 115 
1944 -1239 
-1342 -417 
-5252 -12 
-7268 -685 
-6510 -41 
-4477 1855 
-3756 1491 
-5789 -1659 
-9632 -2992 
-12751 -1 
-13186 3093 
-11218 1782 
-9126 -1671 
-9226 -2217 
-11885 53 
-15202 1153 
-16638 294 
-15191 101 
-12256 791 
-10438 -88 
-11320 -2012 
-14119 -1356 
-16362 1902 
-16014 2929 
-13233 -290 
-10240 -3148 
-9433 -1526 
-11337 1811 
-14168 2049 
-15370 -200 
-13810 -1050 
-10762 -188 
-8816 -208 
-9667 -880 
-12668 238 
-15380 2154 
-15670 1195 
-13530 -2136 
-11083 -2836 
-10761 579 
-13214 3171 
-16746 1263 
-18760 -1923 
-17972 -1868 
-15505 325 
-13910 933 
-14976 101 
-18185 330 
-21143 951 
-21627 -408 
-19474 -2277 
-16719 -1009 
-15841 2356 
-17638 2712 
-20535 -863 
-21937 -3162 
-20449 -998 
-17071 2006 
-14349 1678 
-14194 -425 
-16254 -804 
-18222 -36 
-17821 -465 
-14763 -1000 
-11009 594 
-9097 2380 
-9978 801 
-12215 -2559 
-13223 -2560 
-11491 1137 
-7889 3123 
-4930 733 
-4621 -2060 
-6752 -1483 
-9079 500 
-9248 666 
-6813 -5 
-3616 611 
-2208 1026 
-3658 -793 
-6631 -2459 
-8528 -572 
-7699 2741 
-4854 2382 
-2440 -1399 
-2537 -3053 
-5066 -472 
-7847 2085 
-8455 1287 
-6290 -549 
-3083 -524 
-1404 22 
-2456 -762 
-5040 -1027 
-6577 1003 
-5320 2513 
-1845 326 
1434 -2900 
2335 -2178 
769 1643 
-1188 2955 
-1084 220 
1802 -2082 
5832 -1092 
8402 572 
8159 381 
6155 -15 
4929 917 
6326 1002 
9903 -1220 
13301 -2539 
14259 -67 
12542 3033 
10138 1953 
9551 -1868 
11655 -2830 
14942 19 
16817 2052 
15823 903 
12895 -570 
10562 -241 
10789 -16 
13304 -1071 
15835 -950 
16070 1441 
13648 2537 
10475 -203 
9105 -3139 
10560 -1709 
13465 2070 
15233 2680 
14289 -244 
11426 -1996 
9131 -723 
9454 544 
12259 107 
15336 72 
16295 1220 
14610 872 
12063 -1661 
11214 -2504 
13198 481 
16747 3215 
19262 1449 
19035 -2247 
16699 -2509 
14675 451 
15087 1917 
17936 555 
21084 -495 
22083 18 
20259 -151 
17287 -1362 
15751 -767 
16925 1877 
19680 2442 
21456 -761 
20448 -3260 
17165 -1178 
13992 2397 
13157 2320 
14827 -638 
16976 -1816 
17130 -402 
14494 424 
10648 -130 
8199 253 
8565 1493 
10763 636 
12268 -2085 
11179 -2349 
7861 1042 
4633 3273 
3792 898 
5645 -2519 
8250 -2115 
9080 802 
7186 1697 
4007 267 
2134 -335 
3083 227 
5992 -375 
8347 -1609 
8131 -481 
5540 2282 
2806 2227 
2273 -1318 
4382 -3254 
7281 -613 
8403 2611 
6657 1898 
3358 -941 
1089 -1563 
1490 -152 
3847 229 
5701 -306 
4959 515 
1686 1708 
-1946 303 
-3514 -2464 
-2413 -2077 
-366 1585 
60 3204 
-2334 327 
-6348 -2672 
-9392 -1673 
-9700 1054 
-7828 1417 
-6171 59 
-6898 -110 
-10086 365 
-13649 -671 
-15113 -1787 
-13734 -105 
-11131 2628 
-9898 1900 
-11377 -1841 
-14516 -3123 
-16769 -45 
-16281 2703 
-13487 1443 
-10742 -1141 
-10315 -1262 
-12452 10 
-15177 -18 
-15993 -401 
-14034 839 
-10813 1843 
-8941 -110 
-9895 -2771 
-12762 -1697 
-15031 2081 
-14747 3012 
-12191 -229 
-9644 -2704 
-9433 -1212 
-11937 1200 
-15262 1102 
-16859 -55 
-15703 155 
-13165 413 
-11830 -1017 
-13274 -1874 
-16703 342 
-19626 2890 
-19975 1473 
-17869 -2303 
-15500 -2873 
-15245 494 
-17622 2675 
-20836 985 
-22309 -1232 
-20886 -941 
-17814 76 
-15676 -295 
-16174 -401 
-18671 1202 
-20739 1878 
-20244 -585 
-17176 -2982 
-13667 -1228 
-12170 2503 
-13368 2708 
-15598 -745 
-16285 -2619 
-14160 -764 
-10358 1238 
-7454 781 
-7271 -72 
-9325 434 
-11249 363 
-10830 -1388 
-7910 -1855 
-4526 837 
-3170 3047 
-4655 967 
-7418 -2678 
-8861 -2519 
-7569 978 
-4520 2536 
-2244 553 
-2642 -1218 
-5356 -627 
-8062 43 
-8453 -570 
-6206 -299 
-3247 1574 
-2092 1804 
-3682 -1094 
-6567 -3082 
-8143 -693 
-6870 2827 
-3593 2310 
-807 -1192 
-522 -2429 
-2537 -355 
-4613 1173 
-4395 482 
-1432 8 
2430 700 
4628 211 
4059 -1756 
2028 -1723 
1112 1352 
2944 3086 
6806 409 
10227 -2947 
11097 -2083 
9455 1382 
7455 2300 
7505 174 
10199 -1107 
13803 -350 
15732 -82 
14765 -818 
12085 -98 
10269 1929 
11079 1615 
13957 -1607 
16509 -3059 
16557 -119 
14018 3036 
10980 1842 
9923 -1548 
11605 -2152 
14422 -11 
15792 1021 
14380 232 
11247 176 
8953 923 
9373 -37 
12094 -2090 
14780 -1479 
15172 1856 
13031 3000 
10341 -172 
9611 -3095 
11721 -1591 
15169 1688 
17347 1989 
16774 -130 
14354 -918 
12594 -132 
13445 -288 
16625 -1011 
19843 194 
20759 2236 
18972 1316 
16356 -2095 
15447 -2910 
17258 462 
20408 3122 
22296 1333 
21327 -1799 
18273 -1813 
15614 249 
15409 801 
17538 52 
19807 416 
19832 1080 
17089 -369 
13370 -2364 
11258 -1128 
11921 2320 
14125 2790 
15301 -747 
13755 -3118 
10131 -1072 
6871 1882 
