-15 -1 
-76 -7 
-150 -15 
-27 1 
708 84 
2502 258 
5511 488 
9346 669 
13153 689 
16041 506 
17593 197 
18066 -74 
18132 -166 
18362 -70 
18867 88 
19333 148 
19380 56 
18935 -91 
18279 -146 
17795 -54 
17644 90 
17625 145 
17356 55 
16603 -90 
15491 -146 
14403 -55 
13660 93 
13259 147 
12883 52 
12183 -96 
11090 -147 
9881 -50 
8953 96 
8493 144 
8322 48 
8059 -96 
7450 -144 
6592 -49 
5849 96 
5546 145 
5683 48 
5941 -98 
5944 -146 
5581 -46 
5092 101 
4855 145 
5056 42 
5518 -102 
5843 -143 
5745 -42 
5285 100 
4807 142 
4638 42 
4796 -101 
4971 -144 
4782 -42 
4100 104 
3155 145 
2337 39 
1862 -106 
1589 -143 
1143 -36 
242 106 
-1057 141 
-2398 35 
-3423 -105 
-4070 -141 
-4615 -36 
-5428 106 
-6640 142 
-8027 35 
-9186 -108 
-9874 -143 
-10205 -32 
-10546 111 
-11195 141 
-12121 29 
-12984 -111 
-13429 -139 
-13384 -29 
-13125 110 
-13042 139 
-13309 29 
-13738 -111 
-13949 -140 
-13703 -29 
-13113 113 
-12560 140 
-12373 25 
-12559 -115 
-12807 -138 
-12763 -22 
-12342 115 
-11812 136 
-11568 22 
-11801 -114 
-12341 -136 
-12804 -22 
-12923 115 
-12778 138 
-12725 21 
-13091 -118 
-13884 -138 
-14786 -18 
-15417 120 
-15649 136 
-15711 15 
-15983 -119 
-16656 -134 
-17563 -15 
-18311 118 
-18605 134 
-18495 16 
-18323 -120 
-18422 -136 
-18827 -15 
-19236 122 
-19270 135 
-18792 11 
-18025 -124 
-17365 -132 
-17040 -8 
-16923 123 
-16645 131 
-15918 9 
-14791 -122 
-13616 -131 
-12756 -9 
-12287 124 
-11939 133 
-11342 8 
-10349 -126 
-9176 -132 
-8221 -4 
-7735 127 
-7610 129 
-7480 2 
-7036 -126 
-6294 -128 
-5582 -2 
-5259 125 
-5402 128 
-5740 2 
-5878 -127 
-5631 -130 
-5172 0 
-4878 130 
-4997 128 
-5425 -3 
-5787 -131 
-5747 -126 
-5287 5 
-4714 129 
-4389 124 
-4409 -5 
-4521 -129 
-4332 -125 
-3642 5 
-2618 131 
-1645 126 
-1003 -7 
-628 -133 
-170 -124 
696 10 
1989 134 
3396 122 
4529 -12 
5249 -132 
5775 -120 
6484 12 
7579 132 
8905 121 
10071 -11 
10777 -134 
11063 -122 
11268 14 
11734 136 
12510 120 
13307 -18 
13745 -137 
13679 -117 
13327 19 
13087 135 
13200 116 
13552 -18 
13778 -135 
13585 -117 
13011 18 
12402 137 
12126 118 
12269 -21 
12568 -139 
12647 -116 
12348 25 
11872 139 
11614 113 
11828 -25 
12415 -137 
13007 -112 
13283 25 
13245 138 
13209 114 
13533 -25 
14304 -139 
15256 -113 
15988 28 
16302 141 
16361 111 
16538 -32 
17089 -141 
17922 -109 
18666 32 
18980 139 
18837 108 
18540 -31 
18455 -140 
18693 -109 
19014 32 
19028 142 
18528 109 
17675 -35 
16854 -144 
16358 -106 
16135 38 
15846 143 
15160 104 
14048 -38 
12817 -141 
11859 -103 
11324 38 
11001 142 
10512 104 
9642 -39 
8534 -144 
7573 -104 
7064 42 
6974 145 
6965 101 
6687 -45 
6075 -144 
5407 -99 
5062 45 
5190 143 
5581 98 
5836 -45 
5700 -144 
5277 -99 
4924 45 
4943 146 
5307 99 
5676 -49 
5680 -147 
5223 -96 
4562 51 
4078 146 
3943 93 
3969 -51 
3767 -144 
3078 -93 
1995 51 
885 145 
80 94 
-406 -52 
-879 -147 
-1699 -93 
-2959 55 
-4400 148 
-5620 90 
-6409 -58 
-6918 -146 
-7519 -88 
-8477 58 
-9713 145 
-10861 88 
-11577 -57 
-11826 -146 
-11905 -89 
-12187 59 
-12800 148 
-13513 88 
-13940 -62 
-13870 -148 
-13452 -85 
-13075 64 
-13040 147 
-13309 82 
-13550 -64 
-13425 -146 
-12896 -83 
-12262 63 
-11915 147 
-12015 83 
-12358 -65 
-12564 -149 
-12404 -82 
-12008 68 
-11752 149 
-11945 78 
-12562 -70 
-13265 -147 
-13695 -77 
-13772 70 
-13761 146 
-14039 77 
-14764 -69 
-15733 -147 
-16544 -78 
-16935 71 
-16993 149 
-17074 75 
-17485 -75 
-18213 -149 
-18926 -73 
-19248 76 
-19078 147 
-18666 71 
-18397 -75 
-18456 -146 
-18670 -71 
-18655 75 
-18147 147 
-17230 71 
-16272 -78 
-15611 -149 
-15279 -69 
-14977 81 
-14343 149 
-13274 66 
-12021 -82 
-10986 -147 
-10389 -65 
-10087 81 
-9708 146 
-8978 65 
-7963 -81 
-7017 -147 
-6488 -65 
-6419 84 
-6517 149 
-6400 63 
-5928 -87 
-5316 -148 
-4949 -60 
-5043 87 
-5458 146 
-5804 58 
-5772 -87 
-5387 -146 
-4976 -60 
-4880 87 
-5151 147 
-5499 59 
-5531 -90 
-5079 -148 
-4341 -57 
-3699 92 
-3395 147 
-3315 53 
-3090 -93 
-2408 -145 
-1288 -52 
-64 92 
896 145 
1496 53 
1991 -92 
2755 -146 
3956 -53 
5398 95 
6680 147 
7530 50 
8026 -98 
8518 -146 
9323 -47 
10439 98 
11544 144 
12263 46 
12483 -97 
12451 -143 
12555 -47 
12995 98 
13610 145 
14023 46 
13963 -100 
13506 -145 
13017 -43 
12844 103 
13029 144 
13281 40 
13237 -103 
12781 -142 
12153 -40 
11755 102 
11813 142 
12193 40 
12523 -103 
12515 -144 
12220 -39 
11984 105 
12154 144 
12782 36 
13576 -108 
14150 -142 
14346 -33 
14368 108 
14595 140 
15253 33 
16206 -107 
17070 -140 
17527 -34 
17586 108 
17572 142 
17831 33 
18427 -111 
19080 -142 
19399 -29 
19207 112 
18694 140 
18246 26 
18118 -112 
18209 -138 
18158 -27 
17651 111 
16697 138 
15627 27 
14816 -113 
14373 -140 
14054 -26 
13483 115 
12483 139 
11241 22 
10153 -117 
9500 -137 
9213 -20 
8943 116 
8365 136 
7465 20 
6556 -115 
6012 -136 
5951 -20 
6136 117 
6170 137 
5842 18 
5297 -120 
4908 -137 
4951 -15 
5358 121 
5769 134 
5829 13 
5484 -120 
5017 -133 
4795 -13 
4947 119 
5244 133 
5287 14 
4843 -121 
4038 -134 
3247 -11 
2767 124 
2565 134 
2304 8 
1635 -125 
501 -131 
-812 -6 
-1911 123 
-2625 129 
-3145 6 
-3849 -124 
-4966 -131 
-6376 -7 
-7693 125 
-8594 131 
-9079 4 
-9465 -128 
-10106 -130 
-11079 -1 
-12117 128 
-12827 128 
-13029 -1 
-12903 -127 
-12839 -126 
-13102 0 
-13608 127 
-14002 127 
-13965 0 
-13498 -129 
-12925 -128 
-12630 3 
-12730 131 
-12991 126 
-13036 -6 
-12677 -132 
-12087 -124 
-11659 7 
-11679 130 
-12087 123 
-12533 -7 
-12683 -130 
-12508 -124 
-12307 7 
-12455 132 
-13076 125 
-13936 -10 
-14637 -134 
-14951 -122 
-15012 13 
-15187 135 
-15756 120 
-16663 -14 
-17551 -133 
-18060 -119 
-18123 14 
-18018 133 
-18115 120 
-18556 -14 
-19123 -136 
-19422 -121 
-19213 17 
-18615 137 
-18003 118 
-17684 -20 
-17641 -137 
-17546 -116 
-17050 21 
-16084 136 
-14931 115 
-13988 -20 
-13436 -136 
-13097 -116 
-12595 21 
-11688 138 
-10488 116 
-9373 -24 
-8673 -140 
-8396 -114 
-8227 27 
-7808 140 
-7043 111 
-6190 -28 
-5637 -138 
-5572 -111 
-5821 27 
-5990 139 
-5805 112 
-5333 -28 
-4925 -141 
-4901 -112 
-5272 31 
-5717 142 
-5853 109 
-5548 -34 
-5029 -142 
-4676 -107 
-4688 34 
-4906 140 
-4941 106 
-4504 -33 
-3647 -141 
-2718 -107 
-2062 35 
-1725 143 
-1417 107 
-766 -38 
360 -144 
1733 -104 
2951 40 
3775 143 
4324 102 
4962 -41 
5976 -142 
7321 -102 
8644 40 
9582 142 
10060 103 
10346 -42 
10817 -145 
11629 -102 
12576 45 
13267 146 
13458 99 
13258 -47 
13044 -144 
13132 -96 
13521 47 
13890 143 
13887 97 
13437 -46 
12813 -144 
12413 -98 
12432 48 
12698 147 
12836 97 
12595 -52 
12072 -147 
11637 -94 
11624 53 
12049 145 
12600 91 
12909 -53 
12866 -145 
12715 -92 
12842 53 
13438 146 
14337 92 
15145 -55 
15573 -148 
15676 -91 
15798 58 
16263 148 
17092 88 
17973 -60 
18518 -146 
18585 -86 
18394 60 
18326 146 
18594 87 
19052 -59 
19317 -146 
19094 -87 
18429 61 
17668 149 
17164 85 
16978 -65 
16831 -148 
16352 -82 
15400 66 
14196 147 
13143 80 
12489 -66 
12127 -146 
11696 -81 
10901 65 
9775 147 
8660 81 
7923 -68 
7649 -149 
7572 -79 
7311 71 
6695 149 
5917 77 
5362 -72 
5280 -146 
5568 -74 
5852 72 
5803 146 
5410 75 
4985 -71 
4882 -148 
5187 -76 
5636 74 
5828 149 
5561 73 
4996 -77 
4510 -149 
4364 -70 
4478 78 
4487 146 
4056 69 
3161 -77 
2113 -146 
1285 -70 
804 77 
440 148 
-191 69 
-1287 -80 
-2688 -149 
-4000 -66 
-4926 83 
-5506 148 
-6078 64 
-6972 -84 
-8220 -146 
-9520 -63 
-10480 83 
-10953 146 
-11148 63 
-11451 -83 
-12086 -148 
-12922 -63 
-13583 86 
-13770 148 
-13519 60 
-13174 -89 
-13097 -148 
-13362 -58 
-13702 89 
-13743 145 
-13335 56 
-12691 -88 
-12211 -145 
-12153 -57 
-12420 89 
-12652 147 
-12544 57 
-12114 -92 
-11696 -148 
-11657 -54 
-12088 94 
-12728 146 
-13190 51 
-13289 -94 
-13201 -144 
-13308 -50 
-13864 93 
-14772 144 
-15661 51 
-16192 -95 
-16341 -146 
-16410 -50 
-16757 97 
-17480 146 
-18323 47 
-18884 -100 
-18955 -145 
-18686 -44 
-18456 99 
-18538 143 
-18864 44 
-19080 -99 
-18846 -143 
-18134 -45 
-17246 100 
-16565 145 
-16232 44 
-16027 -102 
-15572 -145 
-14657 -40 
-13435 105 
-12297 143 
-11550 38 
-11163 -104 
-10804 -141 
-10135 -38 
-9110 103 
-8022 142 
-7261 38 
-6984 -105 
-6985 -143 
-6876 -37 
-6419 108 
-5731 143 
-5181 33 
-5071 -109 
-5373 -141 
-5746 -31 
-5821 109 
-5510 139 
-5071 31 
-4879 -108 
-5093 -140 
-5513 -31 
-5739 110 
-5505 142 
-4901 30 
-4285 -113 
-3972 -141 
-3959 -26 
-3922 114 
-3495 138 
-2579 24 
-1431 -113 
-444 -137 
183 -25 
613 113 
1222 138 
2268 25 
3666 -115 
5045 -139 
6058 -23 
6671 117 
7177 138 
7938 20 
9065 -118 
10310 -136 
11276 -17 
11744 117 
11860 134 
12001 18 
12452 -117 
13160 -136 
13778 -18 
13967 119 
13687 137 
13238 16 
13009 -121 
13150 -135 
13455 -12 
13546 122 
13205 133 
12573 11 
12038 -121 
11913 -132 
12175 -11 
12497 121 
12532 133 
12219 11 
11840 -123 
11783 -134 
12209 -9 
12920 125 
13523 132 
13767 5 
13753 -126 
13843 -130 
14342 -4 
15231 125 
16172 129 
16791 5 
16985 -125 
17005 -130 
17225 -4 
17817 127 
18589 130 
19147 2 
19218 -129 
18883 -128 
18497 2 
18387 130 
18563 126 
18714 -3 
18472 -128 
17731 -125 
16741 2 
15901 128 
15421 127 
15153 -3 
14724 -130 
13867 -127 
12660 6 
11467 133 
10640 125 
10225 -9 
9935 -132 
9401 -122 
8500 10 
7466 131 
6695 122 
6409 -9 
6472 -131 
6504 -123 
6208 9 
5623 134 
5086 123 
4938 -13 
5227 -136 
5660 -121 
5843 16 
5613 135 
5165 118 
4878 -16 
4978 -134 
5337 -118 
5573 16 
5366 135 
4731 119 
3993 -16 
3507 -137 
3348 -119 
3248 20 
2822 138 
1900 116 
677 -23 
-453 -138 
-1225 -114 
-1726 23 
-2312 136 
-3291 114 
-4654 -23 
-6068 -137 
-7154 -115 
-7798 23 
-8242 139 
-8863 114 
-9843 -27 
-11006 -141 
-11959 -112 
-12425 30 
-12475 140 
-12465 110 
-12729 -29 
-13295 -138 
-13860 -109 
-14057 29 
-13771 140 
-13246 111 
-12882 -30 
-12902 -142 
-13169 -110 
-13313 34 
-13059 143 
-12471 107 
-11909 -36 
-11726 -142 
-11980 -105 
-12385 36 
-12568 141 
-12390 105 
-12072 -35 
-12004 -142 
-12416 -106 
-13175 38 
-13902 144 
-14288 105 
-14355 -41 
-14432 -145 
-14862 -102 
-15702 43 
-16665 143 
-17352 100 
-17590 -42 
-17564 -142 
-17652 -100 
-18090 42 
-18764 143 
-19296 101 
-19365 -44 
-18973 -146 
-18444 -100 
-18141 48 
-18154 146 
-18227 97 
-17976 -49 
-17226 -144 
-16163 -95 
-15183 49 
-14562 144 
-14226 96 
-13825 -49 
-13045 -145 
-11884 -96 
-10666 51 
-9775 147 
-9332 94 
-9104 -54 
-8709 -147 
-7952 -91 
-6996 56 
-6228 145 
-5929 90 
-6036 -55 
-6192 -145 
-6055 -90 
-5581 55 
-5064 146 
-4870 91 
-5122 -58 
-5584 -148 
-5855 -88 
-5700 61 
-5246 148 
-4861 86 
-4829 -62 
-5099 -146 
-5319 -84 
-5132 61 
-4474 146 
-3626 85 
-2967 -62 
-2650 -147 
-2470 -85 
-2041 64 
-1128 149 
144 83 
1394 -67 
2304 -148 
2881 -80 
3444 68 
4341 146 
5639 79 
7056 -67 
8194 -146 
8868 -79 
9254 68 
9732 148 
10549 79 
11603 -70 
12524 -149 
12986 -76 
12985 74 
12841 149 
12923 74 
13338 -74 
13839 -146 
14047 -73 
13776 73 
13205 146 
12730 74 
12636 -74 
12861 -148 
13060 -73 
12909 76 
12395 149 
11834 70 
11608 -80 
11848 -148 
12325 -68 
12655 80 
12626 146 
12387 67 
12319 -79 
12706 -146 
13491 -67 
14320 80 
14839 148 
14993 67 
15060 -82 
15410 -149 
16175 -64 
17126 85 
17860 148 
18136 61 
18068 -85 
18023 -146 
18293 -61 
18842 84 
19326 146 
19386 62 
18950 -85 
18294 -148 
17803 -61 
17645 88 
17627 148 
17367 58 
16626 -91 
15519 -147 
