282 917 
1883 3120 
4598 6321 
8312 10622 
12737 14499 
15866 16890 
17667 18275 
18690 18754 
18585 18266 
17948 17701 
17442 17028 
16410 15673 
14943 14276 
13644 12975 
12220 11394 
10580 9867 
9268 8715 
8149 7585 
7083 6675 
6349 6087 
5885 5730 
5603 5492 
5407 5355 
5328 5318 
5309 5264 
5133 4916 
4673 4460 
4240 3915 
3422 2795 
2125 1479 
852 170 
-655 -1641 
-2687 -3648 
-4471 -5256 
-6144 -7162 
-8187 -9067 
-9747 -10296 
-10844 -11468 
-12118 -12642 
-12920 -12992 
-13030 -13168 
-13369 -13482 
-13403 -13165 
-12904 -12742 
-12703 -12702 
-12619 -12419 
-12203 -12122 
-12226 -12426 
-12602 -12724 
-12859 -13092 
-13454 -13912 
-14395 -14839 
-15237 -15644 
-16112 -16619 
-17096 -17496 
-17829 -18112 
-18334 -18481 
-18560 -18582 
-18533 -18379 
-18109 -17734 
-17281 -16779 
-16258 -15710 
-15082 -14330 
-13498 -12699 
-12004 -11373 
-10709 -9962 
-9183 -8477 
-7929 -7535 
-7202 -6814 
-6351 -5930 
-5697 -5668 
-5704 -5647 
-5467 -5272 
-5186 -5245 
-5359 -5375 
-5196 -4873 
-4561 -4365 
-4217 -3941 
-3432 -2746 
-2028 -1376 
-769 -101 
725 1713 
2758 3724 
4569 5381 
6273 7252 
8219 9073 
9790 10415 
10999 11567 
12103 12553 
12870 13060 
13181 13276 
13332 13325 
13261 13167 
13046 12884 
12695 12530 
12426 12376 
12345 12314 
12288 12302 
12411 12655 
12994 13329 
13600 13862 
14230 14749 
15343 15883 
16300 16626 
16959 17379 
17865 18288 
18506 18509 
18434 18427 
18483 18458 
18213 17742 
17162 16612 
16146 15690 
15103 14312 
13404 12560 
11882 11304 
10674 9925 
9126 8411 
7865 7473 
7138 6762 
6333 5949 
5719 5648 
5632 5568 
5450 5338 
5280 5272 
5274 5238 
5125 4930 
4684 4417 
4113 3735 
3271 2737 
2136 1445 
664 -158 
-975 -1798 
-2677 -3635 
-4642 -5636 
-6560 -7389 
-8160 -8949 
-9787 -10602 
-11264 -11719 
-12051 -12390 
-12782 -13152 
-13380 -13410 
-13292 -13158 
-13121 -13172 
-13174 -13003 
-12689 -12403 
-12293 -12347 
-12430 -12423 
-12327 -12256 
-12344 -12640 
-13052 -13422 
-13673 -13894 
-14240 -14770 
-15385 -15936 
-16355 -16687 
-17026 -17432 
-17878 -18263 
-18486 -18539 
-18511 -18490 
-18465 -18351 
-18089 -17693 
-17214 -16686 
-16124 -15529 
-14888 -14185 
-13429 -12656 
-11896 -11151 
-10425 -9747 
-9129 -8545 
-7956 -7387 
-6908 -6565 
-6325 -6113 
-5883 -5644 
-5454 -5373 
-5411 -5486 
-5476 -5333 
-5143 -5034 
-5030 -5016 
-4850 -4487 
-4004 -3525 
-3116 -2728 
-2222 -1488 
-571 359 
1166 1884 
2669 3628 
4719 5793 
6724 7495 
8202 8969 
9831 10677 
11348 11787 
12096 12420 
12799 13149 
13362 13401 
13318 13208 
13146 13127 
13077 12927 
12698 12488 
12368 12327 
12312 12305 
12323 12385 
12504 12691 
12956 13284 
13652 14046 
14465 14897 
15330 15785 
16286 16807 
17266 17603 
17850 18086 
18345 18579 
18702 18654 
18445 18153 
17875 17629 
17318 16816 
16111 15334 
14637 14045 
13456 12749 
11900 11004 
10205 9592 
9111 8612 
7992 7317 
6765 6447 
6299 6162 
5932 5638 
5399 5317 
5389 5496 
5495 5343 
5142 5025 
5006 4971 
4794 4449 
4004 3540 
3091 2625 
2068 1366 
538 -332 
-1177 -2010 
-2887 -3827 
-4793 -5748 
-6680 -7581 
-8429 -9207 
-9926 -10600 
-11226 -11788 
-12270 -12649 
-12904 -13054 
-13170 -13302 
-13413 -13412 
-13267 -13047 
-12862 -12768 
-12730 -12668 
-12519 -12305 
-12139 -12140 
-12319 -12548 
-12691 -12748 
-12860 -13158 
-13641 -14185 
-14655 -15005 
-15310 -15708 
-16265 -16893 
-17408 -17707 
-17862 -18036 
-18306 -18594 
-18751 -18690 
-18439 -18115 
-17825 -17577 
-17262 -16760 
-16066 -15304 
-14602 -13975 
-13338 -12616 
-11813 -10993 
-10229 -9565 
-8988 -8441 
-7882 -7335 
-6864 -6503 
-6225 -5991 
-5799 -5659 
-5554 -5458 
-5376 -5330 
-5325 -5328 
-5297 -5203 
-5034 -4808 
-4572 -4352 
-4096 -3705 
-3137 -2463 
-1797 -1181 
-545 212 
1129 2151 
3161 4060 
4858 5673 
6618 7665 
8649 9428 
10013 10546 
11143 11799 
12394 12798 
12972 13013 
13082 13254 
13441 13478 
13302 13020 
12801 12718 
12712 12668 
12522 12309 
12148 12147 
12307 12519 
12675 12781 
12944 13248 
13678 14152 
14607 15028 
15437 15871 
16350 16849 
17304 17674 
17968 18217 
18415 18537 
18578 18556 
18467 18270 
17941 17510 
17031 16533 
16004 15410 
14719 13931 
13106 12342 
11681 11057 
10363 9580 
8810 8182 
7730 7377 
7013 6583 
6136 5795 
5656 5677 
5695 5579 
5361 5198 
5197 5312 
5388 5300 
5041 4717 
4455 4286 
4098 3727 
3118 2384 
1688 1081 
466 -282 
-1204 -2228 
-3236 -4147 
-4974 -5810 
-6737 -7728 
-8663 -9449 
-10098 -10694 
-11284 -11847 
-12336 -12716 
-12978 -13137 
-13234 -13301 
-13335 -13311 
-13226 -13105 
-12967 -12802 
-12619 -12467 
-12388 -12366 
-12343 -12299 
-12277 -12341 
-12526 -12818 
-13155 -13466 
-13733 -14031 
-14460 -15032 
-15629 -16114 
-16462 -16773 
-17156 -17627 
-18091 -18415 
-18529 -18484 
-18423 -18445 
-18488 -18381 
-18015 -17456 
-16877 -16384 
-15943 -15425 
-14732 -13877 
-12986 -12210 
-11588 -11011 
-10335 -9538 
-8751 -8118 
-7671 -7319 
-6957 -6548 
-6140 -5826 
-5667 -5632 
-5613 -5527 
-5392 -5292 
-5271 -5287 
-5270 -5185 
-5034 -4824 
-4566 -4270 
-3932 -3525 
-3030 -2452 
-1802 -1076 
-277 555 
1383 2219 
3123 4117 
5141 6104 
6966 7758 
8544 9362 
10190 10938 
11510 11897 
12207 12564 
12970 13296 
13421 13352 
13213 13132 
13147 13180 
13105 12863 
12542 12318 
12293 12394 
12451 12381 
12267 12269 
12474 12839 
13235 13550 
13782 14046 
14470 15059 
15673 16165 
16517 16834 
17215 17659 
18080 18383 
18525 18537 
18501 18472 
18417 18249 
17916 17458 
16949 16418 
15847 15218 
14539 13819 
13060 12282 
11517 10787 
10095 9442 
8832 8249 
7678 7144 
6716 6428 
6224 6012 
5761 5528 
5396 5389 
5451 5485 
5414 5245 
5079 5013 
5025 4965 
4702 4251 
3751 3318 
2941 2502 
1881 1052 
116 -770 
-1532 -2256 
-3107 -4148 
-5265 -6280 
-7112 -7832 
-8570 -9394 
-10255 -11025 
-11590 -11957 
-12249 -12592 
-12980 -13287 
-13408 -13363 
-13257 -13180 
-13145 -13108 
-13010 -12826 
-12600 -12417 
-12332 -12320 
-12320 -12312 
-12338 -12433 
-12597 -12818 
-13103 -13454 
-13851 -14259 
-14672 -15099 
-15553 -16037 
-16543 -17035 
-17447 -17743 
-17967 -18201 
-18465 -18670 
-18709 -18562 
-18300 -18020 
-17765 -17490 
-17093 -16497 
-15743 -14979 
-14330 -13767 
-13143 -12354 
-11451 -10590 
-9894 -9358 
-8873 -8318 
-7667 -7033 
-6578 -6354 
-6245 -6075 
-5791 -5497 
-5337 -5351 
-5452 -5507 
-5432 -5253 
-5079 -5002 
-4993 -4914 
-4655 -4236 
-3767 -3323 
-2882 -2371 
-1735 -972 
-125 742 
1590 2435 
3329 4288 
5267 6214 
7118 7991 
8818 9573 
10257 10900 
11506 12043 
12471 12777 
12980 13118 
13238 13354 
13421 13362 
13170 12940 
12792 12748 
12717 12605 
12404 12206 
12123 12213 
12423 12625 
12730 12791 
12969 13366 
13913 14438 
14833 15138 
15486 15971 
16572 17156 
17577 17800 
17939 18146 
18445 18702 
18756 18576 
18271 17970 
17712 17435 
17031 16439 
15702 14949 