18050 22642 
21133 17302 
15468 15699 
17155 20359 
23666 22697 
16942 12695 
15098 20597 
21974 18242 
14378 13121 
12807 12641 
13968 15599 
13734 8514 
5470 7643 
10871 10281 
7306 6044 
6273 5236 
3833 5167 
8075 8033 
4626 2528 
4052 6053 
5986 5790 
6975 6848 
3617 1116 
3464 7889 
8262 4064 
422 111 
1031 1537 
2482 2950 
-217 -6210 
-8864 -5085 
-356 -1557 
-7673 -12276 
-12588 -10968 
-9338 -7864 
-8367 -12898 
-18327 -18232 
-12100 -7394 
-9719 -15538 
-18054 -16129 
-13213 -11038 
-9497 -10162 
-14129 -17581 
-15406 -9289 
-6575 -10144 
-14792 -15379 
-13298 -12110 
-11757 -11054 
-11791 -15413 
-18535 -17124 
-13348 -12879 
-16346 -18982 
-18615 -18186 
-19352 -19451 
-17222 -16220 
-18968 -22024 
-21112 -17774 
-16323 -16916 
-16724 -15958 
-16997 -18429 
-16107 -10696 
-8236 -11318 
-14963 -13992 
-9875 -6935 
-5964 -5683 
-6854 -9878 
-11003 -6732 
-689 -172 
-5857 -10594 
-9336 -4914 
-2261 -2181 
-3513 -6456 
-9884 -9578 
-4009 1120 
-565 -6895 
-9854 -6466 
-1458 692 
569 -213 
-1950 -3480 
-1234 4867 
8950 6775 
2332 2297 
6733 10365 
11030 11129 
11632 10762 
9157 10406 
14656 16951 
14585 11433 
11716 13743 
13892 13050 
14049 15454 
13692 10013 
9407 12636 
14986 13769 
11716 11316 
11099 10115 
11026 14928 
17377 14451 
9693 9697 
14671 18767 
18775 16983 
15670 14538 
14440 17782 
22996 24002 
18646 13213 
14384 20179 
23487 21767 
18226 15456 
13588 13729 
17149 20615 
18501 11261 
6473 8847 
13916 14894 
11506 7972 
6020 4876 
5407 8543 
10980 8383 
2706 706 
4378 8299 
7990 5602 
4732 4692 
3734 3634 
6265 8705 
7037 3076 
1963 4171 
5407 4110 
3246 3872 
2852 -871 
-3133 -1093 
1577 141 
-4115 -6718 
-7030 -7472 
-7953 -6746 
-5771 -8897 
-14634 -16503 
-12370 -8049 
-9055 -13493 
-16328 -16417 
-15337 -13082 
-9827 -9113 
-13533 -18774 
-17876 -11215 
-6590 -8625 
-13512 -15770 
-14923 -12954 
-10261 -7829 
-9063 -14696 
-19059 -16687 
-10602 -8673 
-12885 -17751 
-18991 -18013 
-17030 -15638 
-14353 -16119 
-20949 -23567 
-20480 -15783 
-15458 -18838 
-20708 -19650 
-18632 -18476 
-16833 -13979 
-13622 -16344 
-17582 -14640 
-10959 -10289 
-10997 -10064 
-8832 -9871 
-11075 -8592 
-4066 -3050 
-6436 -9140 
-7978 -5464 
-4350 -3737 
-3012 -4479 
-8432 -10053 
-5950 -544 
-666 -5890 
-9572 -8315 
-4940 -2471 
-940 -813 
-3659 -7405 
-6415 417 
6246 4936 
-478 -2457 
959 5626 
8530 9934 
9547 6653 
4253 7082 
13978 17617 
14302 9196 
8738 12260 
15025 15660 
15713 14782 
11783 9406 
11448 16010 
17020 13123 
9624 10238 
12287 12454 
12116 13333 
14016 11776 
9301 10690 
14533 15978 
14392 13525 
14568 14842 
13942 15232 
19262 21227 
18235 14499 
15269 19264 
21567 21042 
19981 18734 
16269 14753 
17479 22119 
22049 15908 
10366 10987 
15142 17069 
15554 12780 
9505 6180 
5807 10037 
14157 11849 
4551 391 
3241 8281 
9777 7888 
5432 3101 
1419 2952 
7930 11043 
7770 1696 
230 4357 
8135 7811 
5650 4188 
2617 806 
1373 4573 
5763 1924 
-3038 -3848 
-1612 -1188 
-3246 -4538 
-4686 -6611 
-10130 -11147 
-8665 -7150 
-9575 -12938 
-13691 -13149 
-13760 -14033 
-11941 -10244 
-12783 -17258 
-17598 -13083 
-9429 -10271 
-13000 -14336 
-14642 -14495 
-12203 -8213 
-7387 -12297 
-17695 -16821 
-10992 -7579 
-9822 -14094 
-16681 -17541 
-16867 -13871 
-10797 -12565 
-19301 -23937 
-21180 -15064 
-13238 -16816 
-20791 -22079 
-21623 -19907 
-16457 -13777 
-15776 -20921 
-22429 -17569 
-11876 -11169 
-13894 -15121 
-14094 -13062 
-11771 -8705 
-5992 -7188 
-10696 -11053 
-7217 -4109 
-4735 -6190 
-5672 -5167 
-6722 -7696 
-5262 -2188 
-2977 -6548 
-8033 -6420 
-5015 -4967 
-4119 -2635 
-3794 -7436 
-8240 -3607 
1485 1384 
-2322 -4075 
-2365 309 
2943 5992 
7384 4620 
745 2186 
9329 14795 
13333 8530 
6756 8958 
12152 14962 
17024 16111 
11392 7633 
10294 17017 
19710 15475 
10004 8927 
11229 13384 
14745 15454 
13651 9246 
6957 10475 
15983 16741 
12621 9661 
10868 13244 
14264 15336 
17102 16942 
14164 12911 
16063 20109 
20352 18026 
17453 18710 
18615 17427 
18508 21451 
21622 17775 
14613 15558 
17899 17973 
16618 15878 
14440 10979 
8727 11169 
15193 14385 
8520 4076 
4936 8051 
9452 9145 
7993 5059 
1323 1333 
6687 11503 
9450 2878 
-321 2586 
7028 8817 
8260 6368 
2946 71 
1802 7499 
10253 5776 
-1081 -2919 
394 3203 
2715 705 
-1760 -5265 
-7954 -6551 
-2622 -2264 
-7448 -12624 
-12753 -10092 
-9435 -10797 
-11443 -11832 
-14048 -16344 
-15089 -11465 
-10526 -13332 
-15475 -14459 
-13085 -13523 
-13389 -10960 
-9526 -12119 
-15570 -14861 
-10950 -9024 
-10548 -12429 
-13226 -14475 
-15666 -13919 
-10181 -10043 
-15482 -20683 
-19841 -15179 
-12977 -14875 
-17854 -20192 
-22035 -21751 
-17728 -13485 
-14925 -21399 
-25100 -21447 
-15064 -12670 
-14620 -17059 
-18259 -18287 
-15764 -10415 
-6716 -9177 
-14775 -15784 
-10353 -4766 
-4197 -6681 
-8236 -8579 
-8582 -6818 
-3005 -1182 
-4451 -9091 
-9100 -4958 
-2472 -3839 
-5590 -5539 
-5761 -7168 
-6840 -3608 
-1381 -3219 
-6067 -5574 
-2806 -1518 
-1466 156 
2413 1766 
-863 -280 
4740 8975 
8541 6139 
5846 7328 
8682 10761 
14192 15576 
12092 7683 
8825 14961 
18869 16727 
12324 10320 
10773 12233 
14884 17511 
16186 10272 
5966 8851 
15536 17913 
14044 9430 
8407 9999 
12366 15409 
17516 15482 
10402 8709 
13679 19962 
20712 16788 
14189 15126 
17004 18492 
20589 22101 
20107 15925 
14984 18802 
22123 20694 
17188 15987 
16390 15477 
14188 15159 
16727 14919 
10517 8453 
10058 11400 
10182 8830 
8903 7906 
4690 3125 
6135 9882 
8884 4274 
1798 3311 
5616 6737 
7650 7822 
5033 955 
1127 6668 
11014 8556 
2416 -474 
1338 4077 
5395 5475 
3395 -1642 
-5979 -4491 
1219 3265 
-2006 -9021 
-11065 -8645 
-6411 -6111 
-7008 -9721 
-14320 -16900 
-13839 -8503 
-7998 -13219 
-17640 -16814 
-13577 -12043 
-11883 -11577 
-12442 -15196 
-16394 -13194 
-8970 -9052 
-12666 -14460 
-12949 -11734 
-12420 -12348 
-10646 -10737 
-14159 -16915 
-15548 -12751 
-12848 -15148 
-16361 -16736 
-18502 -20173 
-18373 -14751 
-14946 -19850 
-23542 -21827 
-17738 -15971 
-16575 -17469 
-18861 -20830 
-20159 -14896 
-9667 -10660 
-16343 -18904 
-14925 -9120 
-6672 -7343 
-8890 -10886 
-12219 -9766 
-3688 -122 
-3687 -10097 
-11381 -6590 
-1984 -1690 
-3860 -5984 
-8018 -9024 
-6506 -1673 
-288 -4777 
-9650 -8836 
-4043 -1282 
-2000 -2951 
-2893 -3439 
-3912 -1424 
3131 4839 
2303 304 
2464 6031 
7215 7280 
9013 10838 
9755 7679 
9091 13453 
15650 13946 
11986 12198 
12694 12350 
13450 16437 
17055 12823 
8375 9453 
14410 16814 
14612 11423 
9877 9336 
10004 13300 
17028 16031 
10168 6515 
10130 16857 
19336 16644 
13435 12461 
13157 15613 
20037 22995 
20288 14261 
12536 17721 
23531 23629 
19527 16459 
15863 16210 
17590 20223 
20912 16719 
11006 10129 
14241 16916 
14554 10636 
9059 8753 
