1847 0 1324 640 1290 665 962 1384 
191 1222 59 1232 -864 1046 -901 -134 
-340 -514 291 -1065 1758 -535 1810 977 
1314 1761 286 2693 -1339 2167 -1571 1154 
-1844 591 -1478 -436 -763 -337 -836 -481 
-143 -612 -110 -44 -108 -211 150 340 
-511 510 -447 313 -914 702 -1520 73 
-1520 -271 -1993 -1092 -1092 -2344 72 -2311 
1081 -2204 2148 -887 1424 519 652 761 
-310 961 -1113 -130 -517 -872 -362 -1077 
359 -1568 975 -1003 982 -975 1704 -627 
1504 167 1479 229 1438 1019 663 1142 
630 1186 -188 1517 -765 698 -712 283 
-767 -617 588 -1178 1457 -287 1800 471 
1648 1988 0 2603 -902 2042 -1715 1594 
-1953 264 -1200 -154 -1195 -330 -545 -727 
-260 -233 -289 -426 245 -49 -230 396 
-229 198 -441 710 -1116 385 -1101 213 
-1868 -63 -1813 -1362 -1105 -1887 -324 -2583 
1394 -2238 1797 -773 1607 57 875 1121 
-583 794 -702 -105 -833 -540 -358 -1454 
523 -1229 568 -1162 1337 -1120 1462 -331 
1475 -271 1761 488 1069 925 1045 932 
513 1546 -245 1144 -407 981 -1113 361 
-514 -818 418 -787 1210 -715 2160 538 
1330 1995 357 2277 -823 2492 -1928 1354 
-1581 426 -1599 42 -1041 -672 -498 -334 
-582 -504 94 -422 -83 158 -104 -5 
-61 558 -763 508 -690 335 -1341 528 
-1806 -406 -1609 -949 -1552 -1953 -51 -2708 
1092 -1964 1733 -1276 1937 258 567 1045 
-170 632 -829 335 -978 -869 -75 -1204 
81 -1207 832 -1444 1241 -751 1254 -718 
1838 -152 1388 553 1334 577 1085 1313 
298 1228 191 1240 -728 1198 -936 68 
-479 -370 22 -1035 1538 -771 1833 674 
1498 1522 623 2623 -1089 2350 -1499 1361 
-1860 791 -1610 -320 -846 -331 -907 -450 
-232 -657 -123 -93 -141 -259 193 251 
-439 507 -402 290 -792 719 -1437 174 
-1443 -137 -2017 -835 -1328 -2162 -210 -2298 
799 -2368 2076 -1232 1601 284 884 689 
-76 1069 -1072 103 -610 -741 -474 -992 
199 -1574 897 -1072 895 -1017 1635 -757 
1523 59 1487 125 1530 909 757 1117 
727 1134 -17 1557 -677 838 -690 454 
-911 -414 304 -1183 1272 -479 1751 177 
1857 1700 328 2570 -669 2165 -1578 1820 
-2013 486 -1299 -76 -1276 -265 -655 -734 
-296 -266 -352 -447 230 -147 -175 359 
-202 160 -343 684 -1037 433 -1006 254 
-1762 111 -1874 -1130 -1275 -1710 -637 -2511 
1104 -2442 1739 -1072 1716 -201 1155 1010 
-365 938 -658 73 -877 -367 -523 -1365 
406 -1262 473 -1176 1229 -1211 1436 -432 
1436 -371 1804 343 1154 867 1109 859 
659 1509 -127 1195 -286 1068 -1074 583 
-684 -647 192 -768 969 -865 2112 196 
1539 1748 637 2195 -526 2600 -1819 1614 
-1622 601 -1672 175 -1173 -626 -556 -353 
-652 -492 28 -495 -67 103 -106 -56 
12 496 -689 529 -624 327 -1205 598 
-1750 -239 -1616 -753 -1724 -1715 -381 -2670 
840 -2126 1604 -1560 2067 -51 839 971 
25 718 -720 528 -1065 -670 -211 -1154 
-30 -1181 696 -1494 1185 -834 1179 -787 
1814 -303 1444 458 1371 487 1201 1232 
402 1226 316 1232 -575 1324 -937 266 
-584 -208 -230 -957 1285 -960 1803 379 
1638 1255 947 2498 -806 2494 -1390 1565 
-1848 1005 -1734 -179 -936 -314 -979 -413 
-326 -692 -142 -140 -181 -303 224 158 
-368 497 -361 265 -675 722 -1351 260 
-1357 -25 -2004 -588 -1527 -1955 -480 -2241 
494 -2483 1945 -1563 1734 16 1105 571 
181 1135 -988 332 -682 -590 -579 -888 
34 -1562 810 -1136 808 -1052 1553 -879 
1532 -50 1486 20 1612 789 851 1085 
815 1077 150 1574 -576 959 -639 612 
-1014 -193 32 -1138 1061 -630 1650 -100 
2014 1381 647 2482 -412 2252 -1403 2032 
-2041 727 -1396 23 -1357 -190 -769 -731 
-337 -297 -417 -460 201 -243 -127 314 
-180 121 -249 649 -959 474 -917 281 
-1642 262 -1902 -905 -1410 -1516 -929 -2392 
786 -2594 1630 -1357 1779 -483 1417 847 
-119 1041 -578 246 -894 -180 -679 -1249 
279 -1281 375 -1184 1114 -1292 1402 -531 
1389 -466 1831 194 1235 799 1166 783 
798 1460 -9 1232 -158 1131 -1000 790 
-817 -456 -18 -709 709 -965 2007 -126 
1702 1471 902 2065 -209 2662 -1666 1863 
-1638 792 -1733 326 -1307 -561 -622 -368 
-720 -474 -46 -560 -59 46 -115 -107 
78 424 -614 544 -567 315 -1071 649 
-1680 -90 -1595 -570 -1852 -1463 -694 -2583 
567 -2242 1425 -1821 2143 -384 1099 846 
241 767 -574 706 -1119 -452 -343 -1081 
-144 -1143 553 -1532 1123 -914 1102 -849 
1774 -449 1492 356 1401 394 1310 1143 
505 1217 433 1209 -412 1423 -906 454 
-653 -36 -459 -836 1009 -1098 1722 99 
1728 969 1249 2320 -497 2593 -1245 1757 
-1806 1227 -1845 -12 -1034 -284 -1051 -371 
-425 -718 -167 -185 -228 -340 240 60 
-298 477 -325 239 -565 715 -1265 334 
-1265 65 -1957 -359 -1686 -1730 -731 -2143 
176 -2546 1760 -1869 1817 -274 1306 409 
455 1154 -862 547 -727 -423 -672 -765 
-133 -1529 714 -1195 721 -1082 1462 -991 
1531 -160 1476 -82 1684 661 944 1045 
894 1016 313 1572 -464 1060 -564 753 
-1074 36 -219 -1048 833 -735 1502 -350 
2114 1042 949 2342 -137 2298 -1191 2223 
-2034 982 -1485 145 -1437 -103 -889 -716 
-382 -326 -483 -465 159 -333 -86 263 
-163 79 -162 606 -882 510 -835 296 
-1511 386 -1900 -690 -1509 -1314 -1193 -2231 
450 -2692 1472 -1619 1790 -777 1652 635 
147 1098 -463 406 -879 13 -822 -1107 
145 -1285 275 -1185 992 -1362 1361 -626 
1334 -553 1843 42 1313 722 1217 705 
929 1400 107 1256 -28 1173 -897 975 
-910 -252 -207 -614 439 -1015 1849 -421 
1813 1174 1143 1892 120 2673 -1471 2092 
-1624 996 -1780 495 -1442 -475 -696 -377 
-787 -451 -128 -615 -60 -10 -132 -155 
134 344 -538 551 -515 300 -941 682 
-1601 40 -1551 -405 -1937 -1204 -983 -2451 
283 -2311 1203 -2049 2160 -730 1335 673 
470 773 -391 860 -1137 -223 -466 -984 
-257 -1090 403 -1556 1053 -992 1023 -902 
1719 -589 1530 249 1424 298 1410 1043 
607 1201 541 1175 -242 1495 -849 627 
-688 139 -657 -678 721 -1182 1595 -154 
1766 673 1520 2094 -172 2641 -1064 1931 
-1730 1453 -1939 178 -1137 -237 -1124 -323 
-528 -734 -197 -227 -280 -371 242 -38 
-232 448 -293 211 -461 698 -1179 397 
-1171 136 -1882 -150 -1807 -1495 -956 -2011 
-144 -2555 1526 -2139 1848 -578 1479 206 
737 1124 -694 741 -741 -245 -750 -624 
-301 -1474 607 -1247 633 -1106 1361 -1093 
1519 -270 1456 -183 1742 525 1037 998 
965 951 470 1553 -345 1142 -469 874 
-1092 266 -444 -919 597 -794 1314 -566 
2154 694 1223 2154 145 2298 -943 2386 
-1987 1245 -1562 289 -1515 -1 -1013 -688 
-434 -354 -548 -462 105 -416 -54 207 
-152 36 -81 553 -803 539 -762 302 
-1375 486 -1872 -490 -1572 -1110 -1422 -2035 
108 -2734 1272 -1851 1748 -1074 1849 379 
426 1105 -314 546 -830 209 -945 -939 
5 -1269 172 -1179 864 -1423 1313 -719 
1272 -633 1838 -110 1386 636 1263 625 
1053 1329 221 1270 99 1194 -769 1137 
-966 -43 -369 -489 172 -1013 1646 -679 
1870 866 1352 1679 454 2631 -1235 2294 
-1577 1206 -1808 680 -1574 -367 -779 -379 
-853 -424 -217 -660 -68 -66 -157 -202 
179 258 -460 551 -470 284 -817 700 
-1515 154 -1489 -259 -1979 -947 -1240 -2283 
-4 -2331 945 -2237 2116 -1078 1538 455 
703 734 -177 984 -1114 12 -576 -863 
-369 -1021 247 -1566 976 -1066 942 -947 
1651 -721 1558 137 1440 201 1502 935 
707 1179 639 1132 -70 1543 -770 783 
-690 312 -818 -490 430 -1212 1429 -376 
1752 378 1749 1826 160 2637 -850 2079 
-1617 1677 -2009 392 -1243 -170 -1199 -268 
-636 -741 -233 -267 -335 -394 230 -136 
-170 411 -264 182 -362 672 -1094 451 
-1080 189 -1785 34 -1889 -1256 -1150 -1850 
-459 -2512 1250 -2367 1824 -886 1615 -30 
1017 1040 -489 905 -722 -62 -808 -465 
-467 -1394 490 -1288 544 -1125 1253 -1184 
1498 -379 1426 -281 1787 382 1128 942 
1029 885 619 1518 -222 1206 -360 974 
-1070 491 -636 -758 363 -807 1094 -740 
2135 348 1460 1923 429 2250 -666 2513 
-1897 1509 -1621 455 -1589 116 -1141 -645 
-492 -378 -612 -453 40 -491 -30 147 
-147 -8 -7 492 -724 563 -696 301 
-1238 563 -1823 -307 -1602 -910 -1612 -1812 
-231 -2722 1036 -2044 1653 -1364 2002 86 
707 1060 -135 657 -744 402 -1043 -749 
-137 -1232 67 -1164 730 -1473 1259 -809 
1206 -705 1817 -260 1450 541 1304 543 
1169 1250 334 1274 223 1197 -623 1273 
-985 163 -499 -341 -84 -962 1406 -893 
1872 559 1520 1433 781 2535 -964 2461 
-1494 1418 -1812 880 -1700 -236 -871 -371 
-919 -392 -311 -695 -84 -121 -188 -244 
210 166 -383 542 -429 266 -699 705 
-1425 251 -1414 -134 -1983 -697 -1462 -2083 
-285 -2304 658 -2379 2013 -1417 1701 200 
932 649 63 1070 -1049 246 -666 -720 
-476 -934 86 -1558 889 -1137 861 -986 
1571 -845 1574 22 1447 103 1585 818 
807 1149 728 1082 99 1566 -673 920 
-661 476 -940 -281 147 -1191 1232 -557 
1685 94 1931 1523 491 2577 -609 2194 
-1467 1892 -2051 626 -1348 -83 -1275 -204 
-748 -738 -274 -305 -393 -409 203 -231 
-114 365 -238 150 -270 638 -1010 497 
-993 227 -1669 193 -1934 -1020 -1311 -1669 
-758 -2420 942 -2546 1746 -1186 1708 -294 
1285 905 -252 1031 -667 120 -841 -292 
-625 -1289 363 -1318 453 -1139 1139 -1265 
1468 -485 1389 -375 1817 235 1217 876 
1088 817 761 1470 -98 1254 -242 1051 
-1012 702 -791 -571 139 -776 849 -868 
2056 15 1654 1658 705 2154 -364 2597 
-1764 1766 -1658 641 -1655 251 -1273 -585 
-558 -399 -675 -439 -34 -556 -16 84 
-149 -53 57 423 -644 580 -638 297 
-1102 618 -1756 -143 -1603 -721 -1760 -1570 
-557 -2657 773 -2193 1507 -1635 2104 -234 
980 961 68 734 -622 584 -1111 -538 
-277 -1172 -41 -1138 590 -1511 1196 -896 
1136 -769 1780 -407 1507 437 1339 457 
1278 1161 444 1269 339 1186 -463 1382 
-971 364 -594 -178 -322 -865 1138 -1056 
1821 263 1643 1162 1091 2385 -663 2585 
-1373 1623 -1788 1092 -1815 -79 -971 -350 
-985 -356 -410 -720 -107 -173 -226 -281 
229 71 -307 524 -392 247 -588 698 
-1333 335 -1331 -29 -1951 -462 -1645 -1862 
-552 -2234 353 -2471 1853 -1736 1817 -83 
1147 519 324 1113 -941 471 -732 -559 
-574 -828 -77 -1532 793 -1203 780 -1020 
1481 -958 1579 -94 1445 4 1657 692 
907 1112 808 1029 265 1569 -562 1037 
-606 627 -1019 -59 -120 -1121 1011 -695 
1569 -169 2058 1195 809 2463 -345 2271 
-1279 2091 -2059 876 -1448 27 -1352 -129 
-865 -723 -320 -341 -452 -417 163 -322 
-66 312 -217 116 -184 595 -926 536 
-912 253 -1542 327 -1947 -793 -1436 -1474 
-1033 -2284 611 -2671 1616 -1469 1753 -577 
1531 719 8 1114 -575 294 -846 -108 
-772 -1158 226 -1332 360 -1147 1019 -1336 
1429 -588 1343 -463 1832 84 1302 800 
1141 746 893 1411 24 1288 -119 1107 
-921 895 -907 -367 -67 -706 590 -946 
1923 -294 1798 1365 962 2011 -45 2635 
-1587 2008 -1667 841 -1709 403 -1405 -506 
-633 -415 -737 -420 -116 -612 -12 21 
-157 -98 113 346 -562 590 -586 289 
-970 655 -1678 2 -1578 -545 -1865 -1318 
-863 -2545 492 -2295 1315 -1880 2149 -574 
1235 811 289 772 -463 747 -1145 -313 
-412 -1086 -151 -1099 444 -1537 1127 -980 
1064 -825 1728 -548 1553 327 1368 369 
1378 1063 552 1257 447 1162 -295 1463 
-926 551 -655 -6 -533 -729 851 -1167 
1721 -13 1716 876 1375 2185 -341 2661 
-1216 1814 -1734 1310 -1915 100 -1077 -313 
-1052 -316 -513 -736 -137 -223 -270 -312 
233 -26 -234 496 -358 226 -483 681 
-1241 406 -1244 54 -1888 -246 -1787 -1625 
-797 -2126 38 -2510 1641 -2025 1881 -386 
1339 345 597 1108 -790 678 -770 -383 
-661 -703 -243 -1484 686 -1261 699 -1048 
1382 -1060 1573 -211 1434 -93 1717 559 
1006 1067 881 972 425 1553 -442 1134 
-528 760 -1056 168 -362 -1007 776 -787 
1409 -403 2127 852 1104 2298 -66 2304 
-1055 2266 -2030 1137 -1539 160 -1429 -41 
-986 -697 -373 -374 -512 -418 110 -406 
-27 252 -200 79 -104 544 -842 569 
-838 268 -1408 434 -1930 -579 -1525 -1273 
-1277 -2109 267 -2741 1439 -1726 1746 -869 
1745 486 287 1147 -448 452 -819 81 
-902 -1001 83 -1327 264 -1150 893 -1396 
1383 -688 1291 -544 1830 -66 1382 714 
1190 674 1018 1341 146 1309 4 1142 
-804 1066 -984 -154 -250 -602 327 -973 
1740 -571 1889 1057 1193 1827 281 2621 
-1368 2226 -1644 1053 -1747 573 -1536 -406 
-717 -424 -797 -397 -205 -657 -16 -41 
-173 -141 158 263 -479 591 -540 279 
-845 676 -1590 129 -1532 -388 -1927 -1063 
-1141 -2391 202 -2349 1083 -2090 2135 -921 
1463 613 521 766 -271 884 -1140 -79 
-536 -977 -262 -1045 293 -1550 1049 -1061 
991 -875 1662 -681 1589 212 1390 279 
1470 957 659 1238 547 1129 -123 1518 
-855 723 -682 167 -710 -560 557 -1223 
1576 -260 1736 584 1623 1940 -6 2684 
-1023 1984 -1644 1530 -1995 305 -1188 -257 
-1121 -269 -619 -742 -173 -270 -317 -337 
223 -123 -166 458 -326 204 -386 656 
-1149 467 -1156 120 -1800 -53 -1890 -1381 
-1015 -1985 -274 -2497 1383 -2275 1890 -700 
1500 133 873 1052 -601 859 -775 -197 
-731 -561 -407 -1414 569 -1311 616 -1072 
1275 -1152 1557 -326 1415 -189 1763 419 
1104 1012 947 912 576 1521 -315 1212 
-433 873 -1052 392 -575 -857 536 -831 
1212 -600 2136 505 1367 2086 218 2290 
-799 2410 -1959 1403 -1615 317 -1503 60 
-1110 -656 -433 -404 -570 -413 46 -481 
2 188 -189 41 -32 485 -757 595 
-772 276 -1271 518 -1888 -381 -1580 -1071 
-1485 -1904 -77 -2754 1222 -1948 1686 -1160 
1918 214 573 1129 -288 586 -757 271 
-1009 -820 -64 -1302 164 -1145 762 -1446 
1328 -785 1233 -619 1812 -216 1455 619 
1235 599 1134 1262 266 1319 125 1159 
-666 1211 -1022 60 -404 -470 68 -951 
1516 -807 1924 742 1388 1605 607 2554 
-1110 2413 -1586 1270 -1766 758 -1662 -283 
-810 -423 -857 -371 -299 -693 -29 -103 
-196 -182 191 174 -397 584 -498 268 
-726 682 -1496 239 -1471 -249 -1948 -813 
-1384 -2202 -87 -2355 818 -2257 2060 -1264 
1654 373 754 714 -50 989 -1093 157 
-644 -843 -370 -974 137 -1546 963 -1138 
916 -918 1584 -805 1612 92 1405 186 
1552 842 766 1211 637 1088 47 1549 
-764 876 -677 336 -849 -365 266 -1225 
1394 -472 1704 296 1827 1656 331 2652 
-798 2125 -1519 1746 -2048 531 -1300 -181 
-1193 -216 -729 -739 -214 -314 -368 -355 
199 -218 -103 412 -298 180 -295 622 
-1058 518 -1072 171 -1693 114 -1954 -1137 
-1201 -1818 -577 -2434 1089 -2478 1844 -1012 
1622 -110 1143 945 -376 1006 -744 -7 
-779 -402 -565 -1319 441 -1349 532 -1093 
1162 -1233 1530 -440 1388 -281 1796 275 
1199 948 1008 851 719 1475 -186 1272 
-326 965 -1011 607 -752 -678 301 -831 
987 -754 2086 166 1590 1834 501 2228 
-515 2516 -1845 1665 -1670 495 -1572 179 
-1237 -600 -500 -430 -628 -403 -26 -548 
22 121 -183 1 31 419 -671 613 
-713 279 -1135 579 -1827 -201 -1604 -876 
-1652 -1675 -414 -2713 972 -2130 1575 -1439 
2044 -91 857 1056 -99 690 -659 454 
-1090 -618 -212 -1253 61 -1130 626 -1485 
1266 -879 1172 -686 1779 -362 1519 515 
1275 521 1242 1175 383 1319 241 1160 
-511 1329 -1024 271 -525 -317 -174 -882 
1259 -995 1903 432 1542 1353 923 2433 
-820 2560 -1490 1485 -1760 957 -1779 -137 
-911 -410 -918 -341 -397 -718 -51 -162 
-225 -219 211 81 -316 566 -459 256 
-614 676 -1399 333 -1398 -130 -1933 -574 
-1589 -1986 -367 -2314 528 -2377 1927 -1593 
1800 99 980 616 194 1054 -1004 388 
-730 -688 -472 -886 -21 -1525 866 -1209 
841 -956 1496 -919 1624 -29 1413 92 
1624 720 872 1176 720 1042 214 1558 
-655 1009 -642 495 -948 -153 -12 -1176 
1183 -641 1622 23 1980 1343 662 2565 
-547 2231 -1356 1949 -2070 774 -1410 -82 
-1266 -152 -842 -724 -262 -355 -420 -367 
161 -308 -48 357 -272 153 -210 580 
-968 561 -992 207 -1571 256 -1982 -898 
-1352 -1633 -861 -2324 766 -2630 1744 -1312 
1699 -378 1397 786 -122 1111 -676 177 
-802 -230 -714 -1199 303 -1372 446 -1108 
1044 -1304 1494 -551 1352 -370 1813 127 
1291 873 1064 789 853 1417 -56 1315 
-211 1036 -935 805 -890 -477 79 -787 
741 -860 1979 -154 1766 1549 772 2118 
-210 2578 -1687 1916 -1700 692 -1632 315 
-1366 -527 -575 -451 -684 -388 -108 -604 
32 51 -183 -38 86 345 -584 624 
-660 278 -1002 620 -1750 -40 -1600 -692 
-1777 -1432 -735 -2622 697 -2265 1415 -1698 
2116 -419 1128 930 112 758 -525 624 
-1138 -400 -357 -1180 -44 -1105 485 -1512 
1196 -969 1107 -747 1730 -503 1573 402 
1310 441 1341 1079 499 1311 350 1148 
-347 1420 -993 472 -612 -151 -395 -770 
979 -1131 1831 136 1649 1079 1217 2261 
-504 2661 -1356 1691 -1726 1166 -1883 32 
-1021 -382 -979 -308 -499 -733 -80 -219 
-259 -251 217 -13 -237 539 -424 243 
-509 660 -1301 413 -1318 -32 -1885 -352 
-1754 -1751 -631 -2232 224 -2447 1740 -1896 
1896 -199 1189 473 456 1074 -872 605 
-789 -515 -566 -779 -183 -1485 760 -1274 
766 -990 1399 -1023 1624 -152 1412 -1 
1685 591 976 1132 795 993 376 1546 
-535 1121 -583 639 -1005 67 -271 -1081 
952 -765 1493 -226 2078 1009 976 2424 
-276 2296 -1157 2134 -2057 1031 -1512 40 
-1340 -78 -959 -699 -316 -394 -473 -372 
111 -392 -2 295 -250 124 -132 531 
-878 596 -918 233 -1440 373 -1978 -671 
-1469 -1436 -1118 -2174 426 -2726 1592 -1592 
1728 -662 1624 580 153 1170 -571 351 
-796 -49 -849 -1054 158 -1378 356 -1119 
920 -1364 1448 -658 1310 -453 1815 -21 
1377 788 1116 724 978 1349 72 1345 
-93 1086 -831 984 -987 -263 -123 -706 
485 -917 1819 -447 1889 1243 1023 1963 
106 2591 -1485 2147 -1700 903 -1681 468 
-1494 -435 -660 -466 -739 -370 -196 -650 
31 -17 -190 -78 131 265 -497 627 
-612 276 -875 644 -1661 100 -1572 -522 
-1859 -1182 -1030 -2485 407 -2353 1212 -1927 
2131 -761 1376 754 340 784 -356 773 
-1150 -169 -493 -1081 -153 -1066 339 -1526 
1118 -1055 1041 -801 1668 -636 1616 283 
1339 357 1432 975 613 1294 451 1125 
-177 1484 -932 658 -665 20 -587 -622 
685 -1213 1709 -134 1705 793 1480 2041 
-170 2711 -1185 1881 -1660 1380 -1969 226 
-1136 -337 -1043 -270 -603 -738 -116 -273 
-299 -278 210 -108 -163 501 -390 228 
-413 635 -1203 480 -1236 47 -1809 -151 
-1878 -1504 -870 -2112 -84 -2465 1503 -2165 
1938 -515 1373 288 726 1046 -698 800 
-817 -329 -646 -653 -344 -1424 643 -1330 
690 -1020 1294 -1115 1612 -275 1403 -94 
1733 455 1080 1079 863 941 529 1518 
-406 1212 -504 765 -1021 289 -502 -946 
710 -842 1323 -444 2116 666 1261 2233 
7 2316 -923 2293 -2004 1295 -1603 187 
-1414 9 -1079 -661 -377 -429 -526 -371 
49 -468 33 227 -232 92 -62 475 
-787 623 -851 250 -1305 464 -1946 -459 
-1550 -1234 -1342 -1989 78 -2766 1396 -1841 
1704 -951 1816 330 440 1178 -431 507 
-758 135 -965 -884 6 -1363 262 -1124 
792 -1413 1394 -762 1261 -530 1801 -169 
1457 692 1165 657 1094 1271 199 1361 
24 1117 -703 1138 -1045 -42 -299 -592 
229 -925 1614 -703 1957 924 1243 1767 
428 2554 -1244 2350 -1666 1123 -1713 638 
-1619 -321 -754 -471 -794 -349 -289 -685 
21 -86 -204 -117 165 180 -410 620 
-569 272 -756 653 -1565 222 -1525 -370 
-1900 -933 -1293 -2309 112 -2391 971 -2119 
2086 -1105 1592 532 575 765 -157 893 
-1121 66 -616 -957 -261 -1011 188 -1527 
1031 -1137 973 -849 1593 -761 1646 159 
1362 271 1514 864 726 1269 543 1094 
-6 1523 -848 827 -684 192 -744 -445 
389 -1240 1546 -374 1709 504 1705 1780 
171 2707 -979 2046 -1559 1593 -2032 442 
-1254 -271 -1110 -226 -711 -734 -158 -323 
-341 -299 188 -201 -94 454 -357 211 
-323 603 -1105 536 -1154 111 -1711 25 
-1961 -1254 -1081 -1962 -388 -2433 1225 -2391 
1924 -835 1522 66 995 968 -487 965 
-810 -135 -709 -509 -501 -1339 514 -1375 
612 -1046 1183 -1196 1588 -396 1386 -186 
1767 314 1181 1015 927 887 673 1474 
-272 1284 -409 872 -998 504 -699 -776 
467 -872 1119 -623 2095 324 1511 1997 
295 2288 -660 2418 -1909 1559 -1675 358 
-1486 111 -1202 -609 -446 -460 -578 -366 
-22 -535 58 154 -218 58 0 412 
-696 643 -790 262 -1170 532 -1891 -264 
-1598 -1035 -1528 -1776 -266 -2750 1161 -2052 
1628 -1236 1965 44 731 1132 -258 636 
-685 318 -1056 -692 -147 -1326 164 -1120 
660 -1453 1332 -862 1208 -601 1771 -314 
1528 587 1210 587 1201 1185 324 1366 
139 1131 -556 1266 -1065 177 -446 -453 
-17 -884 1371 -914 1968 604 1426 1537 
745 2463 -967 2518 -1595 1346 -1723 824 
-1736 -185 -857 -465 -850 -326 -386 -710 
1 -152 -223 -154 187 91 -324 603 
-528 267 -644 649 -1463 326 -1464 -238 
-1903 -693 -1520 -2102 -178 -2381 701 -2267 
1981 -1440 1766 271 809 700 69 979 
-1050 300 -719 -810 -367 -939 34 -1511 
935 -1213 904 -893 1507 -876 1664 32 
1379 182 1586 745 837 1235 628 1056 
161 1538 -743 975 -673 358 -862 -246 
101 -1215 1348 -574 1661 224 1882 1484 
511 2647 -742 2179 -1422 1800 -2067 677 
-1371 -182 -1179 -174 -820 -720 -207 -370 
-386 -314 153 -291 -33 397 -327 192 
-240 563 -1008 582 -1075 160 -1597 176 
-2006 -1006 -1259 -1788 -678 -2352 914 -2568 
1854 -1150 1631 -184 1253 838 -244 1092 
-766 59 -750 -350 -651 -1230 376 -1406 
532 -1069 1067 -1266 1554 -513 1360 -274 
1788 170 1278 941 986 832 808 1418 
-136 1338 -304 958 -939 707 -858 -581 
231 -857 891 -758 2015 -4 1716 1724 
577 2212 -373 2504 -1770 1816 -1724 549 
-1552 231 -1326 -541 -522 -485 -630 -356 
-102 -591 73 80 -210 22 54 342 
-605 655 -735 269 -1037 578 -1816 -89 
-1616 -843 -1673 -1545 -598 -2682 896 -2220 
1502 -1506 2062 -269 1014 1032 -58 732 
-576 492 -1117 -482 -300 -1264 61 -1108 
524 -1481 1262 -957 1152 -666 1726 -454 
1589 473 1251 513 1299 1092 447 1361 
248 1131 -397 1366 -1048 389 -559 -295 
-246 -799 1100 -1075 1924 292 1566 1278 
1046 2321 -660 2643 -1484 1565 -1709 1022 
-1843 -26 -968 -446 -906 -299 -486 -725 
-26 -216 -249 -187 195 0 -241 576 
-490 260 -540 635 -1359 414 -1393 -124 
-1872 -467 -1706 -1871 -458 -2325 410 -2367 
1820 -1755 1893 -20 1032 588 316 1023 
-937 525 -798 -641 -466 -849 -121 -1478 
828 -1283 835 -932 1412 -979 1669 -96 
1388 92 1647 620 948 1192 706 1015 
323 1532 -623 1102 -634 512 -939 -35 
-170 -1140 1123 -730 1565 -39 2006 1164 
839 2531 -481 2275 -1248 1993 -2069 927 
-1483 -70 -1252 -112 -933 -695 -263 -414 
