2256 5086 
7728 9890 
11824 13786 
15931 18476 
19178 19184 
18661 18085 
18038 18651 
19253 18988 
17827 16630 
16114 16107 
15966 15341 
14311 13095 
11981 11297 
11055 10760 
9927 8732 
7800 7390 
7185 6876 
6526 6245 
5910 5471 
5193 5295 
5565 5642 
5505 5357 
5231 5054 
4981 5210 
5495 5279 
4460 3618 
3294 3347 
3224 2607 
1547 263 
-898 -1547 
-1721 -2108 
-3377 -5280 
-6827 -7421 
-7481 -7828 
-8829 -10247 
-11579 -12323 
-12262 -11815 
-11863 -12822 
-14033 -14437 
-13798 -12899 
-12573 -12919 
-13470 -13726 
-13395 -12540 
-11710 -11598 
-12260 -12912 
-12808 -12125 
-11668 -11889 
-12541 -13200 
-13668 -13886 
-13892 -13988 
-14562 -15553 
-16406 -16752 
-16854 -17145 
-17630 -18047 
-18375 -18755 
-19067 -19016 
-18637 -18320 
-18258 -18225 
-17979 -17530 
-16904 -16019 
-15008 -14309 
-14088 -13843 
-12952 -11516 
-10248 -9621 
-9448 -9268 
-8773 -7866 
-6718 -5872 
-5859 -6473 
-6783 -6163 
-5070 -4501 
-4854 -5639 
-6143 -6016 
-5350 -4596 
-4384 -4973 
-5766 -5767 
-4714 -3430 
-2858 -3024 
-3197 -2770 
-1693 -276 
1025 1785 
2005 2319 
3405 5135 
6668 7451 
7786 8285 
9138 10151 
11142 11965 
12409 12447 
12458 12830 
13422 13753 
13677 13490 
13378 13201 
12912 12774 
12910 13000 
12709 12191 
11867 11880 
12082 12369 
12668 12753 
12500 12298 
12744 13826 
14794 15051 
14838 14849 
15442 16453 
17493 18148 
18132 17660 
17500 18205 
19336 19834 
19238 18169 
17537 17602 
17947 18002 
17378 16065 
14596 13770 
13811 13957 
13251 11671 
10111 9313 
9179 9141 
8774 7960 
6860 5952 
5747 6175 
6498 6130 
5349 4888 
5016 5382 
5618 5669 
5550 5234 
4888 4823 
5032 5091 
4714 4110 
3587 3093 
2456 1798 
1320 823 
-97 -1420 
-2656 -3481 
-4083 -4790 
-5708 -6838 
-8153 -9376 
-10044 -10116 
-10254 -11097 
-12417 -13357 
-13444 -13017 
-12699 -12832 
-13392 -14052 
-14245 -13595 
-12502 -11945 
-12405 -13237 
-13411 -12684 
-11732 -11308 
-11618 -12376 
-13070 -13184 
-12644 -12109 
-12437 -13677 
-14918 -15333 
-15079 -14948 
-15417 -16348 
-17356 -18083 
-18269 -17990 
-17794 -18194 
-18988 -19430 
-19140 -18504 
-18048 -17822 
-17593 -17281 
-16890 -16264 
-15305 -14281 
-13552 -13063 
-12464 -11655 
-10841 -10085 
-9224 -8319 
-7749 -7633 
-7526 -6976 
-6135 -5528 
-5396 -5575 
-5824 -5939 
-5685 -5070 
-4610 -4879 
-5699 -6178 
-5742 -4794 
-4168 -4201 
-4575 -4765 
-4370 -3279 
-1880 -955 
-897 -1102 
-525 1104 
2972 4162 
4574 4789 
5380 6573 
8200 9699 
10420 10328 
10227 10928 
12274 13347 
13563 13209 
12894 12920 
13259 13728 
13977 13660 
12899 12331 
12394 12775 
12859 12524 
12148 11980 
11940 11996 
12277 12717 
13002 13026 
13095 13478 
14058 14626 
15217 15873 
16354 16475 
16563 17116 
18069 18795 
18885 18573 
18328 18359 
18636 18993 
19053 18411 
17209 16241 
16100 16389 
16149 14981 
13413 12197 
11628 11509 
11386 10733 
9358 7809 
7026 7289 
7785 7516 
6426 5332 
4941 5261 
5847 6192 
5941 5167 
4517 4674 
5514 6121 
5836 4979 
4335 4224 
4367 4394 
4097 3361 
2275 1271 
742 493 
-84 -1223 
-2529 -3596 
-4483 -5395 
-6277 -7022 
-7813 -8863 
-9989 -10806 
-11260 -11621 
-12030 -12417 
-12818 -13358 
-13846 -13838 
-13297 -12826 
-12959 -13470 
-13703 -13357 
-12683 -12074 
-11819 -12072 
-12659 -12970 
-12513 -11649 
-11351 -12086 
-13248 -13904 
-13800 -13431 
-13407 -14030 
-15215 -16445 
-17008 -16698 
-16245 -16613 
-17862 -19051 
-19341 -18838 
-18247 -18086 
-18404 -18917 
-19122 -18558 
-17339 -16247 
-15927 -16095 
-15885 -14902 
-13570 -12462 
-11726 -11229 
-10829 -10321 
-9461 -8342 
-7462 -7148 
-7108 -6855 
-6359 -5939 
-5695 -5454 
-5235 -5279 
-5575 -5731 
-5518 -5177 
-5034 -5090 
-5192 -5303 
-5329 -4977 
-4165 -3371 
-3146 -3326 
-3147 -2179 
-781 418 
1156 1560 
1944 2726 
4188 5999 
7298 7615 
7536 8079 
9504 11101 
12063 12228 
11985 11873 
12315 13323 
14267 14332 
13454 12556 
12536 13255 
13811 13616 
12858 12080 
11699 11892 
12486 12906 
12641 11916 
11569 12068 
12982 13589 
13729 13754 
13947 14353 
15003 15861 
16622 16958 
17002 17223 
17779 18344 
18650 18817 
18976 18945 
18590 18196 
18106 18174 
17938 17242 
16344 15494 
14759 14210 
13872 13423 
12411 10936 
9748 9382 
9472 9219 
8319 7154 
6254 5911 
6130 6561 
6561 5778 
4739 4429 
5143 6078 
6275 5633 
4820 4469 
4734 5348 
5752 5371 
4204 3043 
2724 3115 
3230 2380 
879 -501 
-1361 -1815 
-2192 -2875 
-4145 -5811 
-7186 -7789 
-7974 -8505 
-9607 -10803 
-11628 -12093 
-12385 -12557 
-12693 -13010 
-13514 -13843 
-13722 -13370 
-13157 -13094 
-12969 -12817 
-12829 -12880 
-12613 -12050 
-11695 -11879 
-12341 -12636 
-12648 -12530 
-12434 -12561 
-13178 -14210 
-15037 -15125 
-14789 -14908 
-15867 -17136 
-17955 -18088 
-17824 -17613 
-17856 -18672 
-19577 -19734 
-18863 -17728 
-17339 -17786 
-18203 -17814 
-16647 -15268 
-14224 -13788 
-13807 -13648 
-12659 -10969 
-9523 -9057 
-9247 -9172 
-8398 -7277 
-6358 -5910 
-5942 -6243 
-6351 -5899 
-5135 -4763 
-5086 -5630 
-5794 -5554 
-5271 -5103 
-4966 -4889 
-4948 -4953 
-4583 -3877 
-3205 -2735 
-2261 -1637 
-987 -325 
618 1930 
3181 3928 
4358 5053 
6246 7626 
8808 9633 
10077 10270 
10642 11596 
12869 13615 
13382 12725 
12560 13129 
13886 14205 
13869 13062 
12268 12084 
12679 13389 
13284 12274 
11302 11268 
12068 12888 
13135 12831 
12376 12286 
12945 14190 
15233 15406 
14990 14945 
15771 16994 
17857 18125 
18049 17941 
18041 18500 
19140 19415 
18990 18226 
17761 17705 
17606 17150 
16476 15754 
14920 13978 
13187 12677 
12176 11385 
10407 9531 
8802 8136 
7646 7456 
7294 6724 
5836 5262 
5378 5829 
6019 5761 
5280 4865 
4781 5201 
5875 6103 
5448 4411 
3950 4340 
4873 4724 
3772 2497 
1448 946 
931 829 
-96 -1908 
-3715 -4591 
-4645 -4847 
-5876 -7499 
-9038 -10023 
-10370 -10352 
-10550 -11439 
-12768 -13655 
-13562 -12955 
-12710 -13094 
-13650 -13897 
-13741 -13289 
-12713 -12339 
-12437 -12797 
-12861 -12428 
-11931 -11825 
-12035 -12245 
-12432 -12739 
-13064 -13191 
-13244 -13594 
-14309 -15059 
-15602 -16009 
-16362 -16612 
-16874 -17462 
-18360 -18996 
-18900 -18375 
-18150 -18490 
-18980 -19102 
-18679 -17813 
-16804 -16140 
-16111 -16290 
-15798 -14335 
-12649 -11705 
-11608 -11636 
-11120 -9978 
-8573 -7449 
-7076 -7420 
-7731 -7194 
-5915 -4905 
-4927 -5660 
-6201 -6067 
-5457 -4843 
-4631 -5017 
-5740 -6097 
-5600 -4632 
-4069 -4229 
-4554 -4387 
-3670 -2743 
-1847 -1082 
-544 -137 
533 1717 
3107 4195 
4931 5681 
6612 7534 
8362 9290 
10344 11178 
11549 11719 
12087 12671 
13215 13588 
13764 13624 
13172 12829 
13044 13602 
13747 13120 
12223 11787 
11991 12472 
12799 12701 
12145 11532 
11564 12504 
13670 14088 
13639 13193 
13566 14704 
15942 16709 
16828 16530 
16418 17076 
18372 19374 
19311 18494 
17940 18184 
18816 19129 
18801 17937 
16872 16081 
15878 15967 
15587 14389 
12907 11911 
