-655546
-453730
243307
56666
-1151164
310406
467866
-975625
857579
77084
-430345
1151621
780443
-348176
58509
-1907063
-257523
1453028
457404
-171503
470910
-772060
252550
1022628
-588719
-1391290
-329379
-296533
-906337
-885958
76672
913821
1362389
-110723
-475979
697978
-1586006
-209657
1113866
301851
676864
1531302
-15091
360621
-1458790
-848592
1728065
766179
-1412680
1387538
-636087
-897293
-973989
-618365
-803369
63066
-554685
1797863
1513941
583785
133418
-734804
-353435
-505825
690669
-30750
-436238
-36422
927964
-798228
-506232
633405
-491800
964456
381567
828211
-1571893
283231
1220339
837411
73686
-753327
17432
206145
-311959
-216729
-599563
-1704949
-482219
24968
511010
-962058
-86696
921318
395082
-1242319
-994173
-331603
-723949
-1061433
1560972
509796
511185
-833636
38236
664607
-481667
1267532
-1713899
645744
1453153
-1951917
397567
959928
409748
-1124519
294263
-709547
240264
125558
-438248
-318343
-329369
209233
1154235
592955
174720
-805583
-1512941
-1029435
1415864
-428009
1353952
-1224643
79262
324545
214741
-382866
-8307
131367
-626753
259011
-707278
-126386
1085516
1058056
-461451
155482
335197
-129461
1492726
-1488552
1142056
-1915238
-134696
293709
-921028
257157
359504
774464
-184360
8540
-1116458
794715
-1489295
-64113
1371150
429026
-479217
-464694
-1398012
-43858
-949679
1103108
503611
-1500890
1978150
41912
35074
547555
-93379
-376043
-780591
-1199598
-551054
485498
-1127713
232541
643750
-669666
-1453274
344540
-1174009
1370347
1469978
-262034
198161
-476104
-503350
355004
-224487
-190088
-247305
-627079
604165
15733
71663
178998
-415982
-641542
-390155
-634610
-242301
-835600
820964
84537
-545737
-1694720
-561740
770410
-193661
-110046
-281719
1036784
-1200243
-545073
-984766
392282
-961440
-665309
-175733
-699418
813652
-1486460
-390200
984750
361057
1661925
1733937
220765
-1256464
-809991
-548698
-129293
-71843
-884599
-1248188
-1252523
1262216
-682393
864247
-153530
1093862
-605732
82519
305483
-1218127
269792
-1364698
1585206
456705
461794
-93219
396934
-45286
-1637433
-250242
1394610
736437
327192
-1159813
1794810
-1261816
500917
-236912
578066
527528
607806
-1324452
-128506
691697
-1410986
-371347
428898
219235
-937463
-169985
97542
284995
903426
-1589976
190521
1422454
379423
-24598
-1239925
-1031475
340409
-105140
798197
207426
2052414
-272346
-128757
-243308
-887406
-1270810
-459776
-359143
1202340
81232
-227092
-536536
-157430
-1086717
-414130
-284851
-988377
47117
-723219
-589171
137867
-950719
-566212
553431
-64742
-533033
169149
-1542410
-610324
-12165
-1162756
-633930
762148
792203
256820
487528
-1642538
492181
-745871
-982777
1440423
-931356
-849195
-834846
344950
-1843940
1446078
-95255
-1187915
658721
400755
749543
-341455
-448248
88326
361216
-552028
328603
141132
-156011
1242806
209386
-764288
-127702
928059
-439395
181159
-115197
-1170434
90163
109046
870245
1482443
-519761
-257508
-393817
-1126335
1837453
-668634
638994
-367874
-638039
-1050882
202598
876391
-674934
-702802
-1132696
-615374
1069764
-885939
-1334781
-1209034
744704
1263095
1240482
-997781
155527
-285531
595830
-411822
744189
-627575
-80073
-633692
341101
333861
-2028187
-636523
-259431
63116
-507520
-1066612
-870968
340903
251489
-1071628
149916
1182649
1319192
1201246
-353926
435472
353566
1172143
-533691
1194821
-413047
-14421
919532
1120777
-1090914
-80302
-415294
-601129
228778
-854407
1418860
602289
368048
13630
-8146
364761
-1124772
-149180
885629
404688
-427503
-1244162
58785
1508564
-678275
2991
-1017729
864152
-37601
-438279
1662346
549253
1751604
1626912
506047
-1158156
-1563800
-1503533
534859
337954
-576921
-925420
374656
-1779993
20644
1344973
90166
736355
-1928834
-80357
-1444233
333497
-735930
-542937
-643311
-1184992
786392
-785895
-219537
191043
-318548
-993224
-793331
552247
634789
-1427728
150206
-1351740
-32046
359575
-1883
-981152
648561
-205416
-498773
-291633
18389
-1769831
287296
630040
149215
-1721352
-341546
75214
657798
-1439962
-1019953
87785
1069263
-974260
151320
-241750
1391870
-274108
788211
1284217
931878
113683
-601783
1075619
-1618803
112607
-1749020
-1804294
-729782
-657321
424360
634336
-57137
-395866
1330906
878323
887743
-1035141
-1301712
88790
-1135608
-222672
-1818183
-792382
-602540
-749412
-1176907
-1349462
811175
93059
973750
-371727
1122194
-349938
32963
813042
65511
-299742
570802
-1807052
466388
67028
-664554
301902
-439714
1894219
642503
1354121
-920265
-1857436
109594
539585
512114
1180286
824856
-539138
-919262
22318
-1654949
-527675
2024450
-429722
-1608832
1195383
140562
1812412
579598
959486
-708788
-1148506
105331
-633566
792503
-1056532
1667897
-744900
-377831
-768188
53489
1523269
755452
-989623
112083
-484288
294006
-239205
912667
122636
574796
-895383
-383298
-546106
-879177
-1033888
1017380
176488
969020
-271559
-1018164
-294947
1169762
-1192171
-1608346
1407079
-1011158
518163
-720097
-1266521
1431926
-1793097
123447
-305813
1675948
502873
657757
492956
1066662
-1313801
-507168
-1294634
-1214067
343763
203249
-215368
213996
-392436
1049283
1356861
-544871
-835918
943648
349404
838539
-493882
58783
51406
310947
402880
668317
1154210
-1243229
1115291
-148760
-127912
-716247
1261285
-268974
-1692724
-633664
15735
-88295
-77915
1297045
50173
-920057
-36849
-97315
-581418
1053123
156392
11366
-98626
-373020
-135130
1971995
1146963
1016699
-862275
-478619
-1241590
1206312
-1472687
1296665
-1174121
137063
673280
1366363
-38632
42727
-833150
1160578
-967830
-1686774
135043
788037
700015
1001424
1804961
29479
-472653
1751419
-833737
485816
-655252
38720
456205
343181
816945
-331679
-233029
-380813
775716
85846
-347585
-230556
95147
-551677
1612368
654966
1033394
-697054
1062994
989123
610532
-1920227
1526835
1978580
-1379361
-500540
1525570
771056
10395
-573151
491250
51868
-349104
1200043
-531626
514462
838872
-86408
-1300208
-1131945
-157671
-634965
659146
2058926
721056
-98002
373380
460155
525429
-72890
23120
-1059529
1585506
-33483
1138477
1249512
-323696
683520
-186877
1208839
79056
593926
1763923
199628
531799
1467897
-494386
1961533
-1410583
-757521
-26071
150528
829292
649547
-828375
-324026
-658605
-188292
-27953
-769670
1071588
1070471
149954
812790
584096
-153264
-1185287
487138
635524
-741570
-709721
-1415265
654897
1000704
36631
1114178
706050
100089
1255866
556156
622394
235288
-836190
386414
-1849528
213350
-298842
1850933
335637
-994163
784969
-258745
1063050
218610
-1040695
1067499
1348853
1902513
-303290
1333353
755058
-194162
589659
106178
-166678
746286
-878146
1126250
965092
-588724
-252549
1119312
-920966
-615449
83453
370155
712548
-1033031
1861431
-1728594
-170470
274337
104226
52571
-34833
-66746
1316467
-283381
-735927
-1154848
746264
816260
739798
-253790
1109857
-1051259
-140292
-899864
1551828
133589
380738
-519439
1554454
-928932
1105913
302761
1639801
1171357
1097977
-1425348
-825289
-481077
35580
416534
-221806
194685
848306
866947
782140
-322394
-587220
-1839299
-1550921
116746
-1682903
-1353393
684687
294645
-1143020
1678764
-1511037
-1469625
-923281
-1007898
-25218
1641428
-1448623
-1696041
299039
-205634
936935
235957
-731148
-1296827
1113947
1262957
1046334
453663
-150027
198481
1239243
938928
-1270080
555230
-513182
-37666
-480838
-370491
199407
-975353
1037276
285709
-1232453
726614
-788832
-402343
303903
693813
133429
764739
1606177
74107
-668479
269502
1722751
1440355
-1053191
-733398
1294209
-709485
-164578
941900
-119441
-838502
730946
-299783
673315
880642
-922877
-404926
-7720
-362837
547500
-708467
-283745
-855810
-209764
354352
-729235
1270177
-760301
-722185
-1551386
888239
-899618
-535675
566750
1386782
-622160
-10688
-437306
267708
1416883
-43659
-495603
230112
-613692
-1238719
345714
-1319714
-379212
1456195
-498258
52526
-1733934
145073
1581429
-1235578
-1337448
1104787
-50595
-168082
388730
634688
369062
1436902
303691
-672180
-116253
-4573
301592
-413178
-274969
878846
-172689
-1141966
404012
359657
727701
614174
38763
-1007193
-895733
-477518
476278
58802
710404
-435064
190145
-1149657
223064
1073167
706648
-957312
1785753
267835
-1625696
-1020485
-318781
533997
-1327822
-1197632
49339
-770337
952472
765880
150979
1051125
331316
-1302349
11260
786395
-1433277
4906
205236
792378
-66906
394392
1117678
1126188
-1257482
-702998
252786
700066
381043
590507
-78903
-711527
-962125
129867
1551741
-365968
805263
-502023
688519
497788
1190705
-368876
260241
756870
-86268
258399
1379878
1503561
-109797
1456227
554268
20560
1084031
-145304
-56175
1062370
1169215
505747
1371656
-1601040
-374037
1630225
-806573
-640911
550411
457378
-415536
1070725
536860
1052748
-164747
-1034463
-1865282
491787
950919
1495792
-1850760
1206174
-391869
616989
-676806
-225631
-400100
-219763
-770814
225298
1842366
1521012
-372183
910733
838316
-275276
-448422
-1921581
-1166133
-402575
96373
-1973819
-569278
-42327
-199827
1260609
-482441
534682
-310695
-1596573
-1480004
105918
463790
-1410568
892634
103017
-161339
692468
-326790
11901
330286
669433
-932359
-712425
-478674
230540
428981
259542
-1488500
-584926
71129
343480
951426
-234861
-1437743
1071898
-900923
-1341593
602248
-454985
145457
248809
3998
174383
7273
602988
1165233
1035788
-887717
-419639
629888
438567
-956264
-581384
-597869
-1306140
-545783
421854
-1261740
347919
-217293
-185985
-564570
887001
143432
102716
-1420118
384186
582924
-879475
1939815
-1747689
-1443045
-967164
-1077399
-56919
1001569
-663717
105267
528540
-712398
414953
-938682
46518
479212
978723
-485580
-1340185
-1166169
1684894
955107
107221
-256255
-708043
-93925
-333118
1512306
25185
1341595
1200385
263172
1715032
-35768
208688
-212225
-1781958
866329
308726
713926
-301437
-280649
342612
-1036105
-232463
-1363689
-16015
7670
494994
-1807090
132
755477
1193809
321759
-1722403
1058862
228798
-922432
-748154
680362
621478
-207358
799526
587585
997330
-805022
-552152
652765
-335686
1866073
-1446113
-681034
-452488
982161
-197193
-186578
1713931
1728254
829759
572983
-24731
-2024759
682151
7942
198886
1010544
701279
45998
804021
-639743
178475
-474153
-170763
-591693
-1849345
1042818
-1637967
-292745
504163
1439013
-696869
-976822
493555
-262632
499253
195390
-53116
107607
197893
-758523
481731
-874941
-582590
-249177
624965
-545800
-895250
539653
-692257
512594
-1111651
-224382
1554106
-572850
92600
315924
465758
1188242
57004
-715793
-1006234
-898672
1107891
571751
-202495
240114
-455454
1726230
290661
437120
1175784
-241600
884836
-579764
-1133548
1266504
-700254
283882
-1166849
1290894
-130382
-1170594
-109871
-181305
474705
-1599977
90977
1482240
1382571
174804
1078434
-158081
415322
-624752
-651738
449184
-1224740
1253539
1391736
845990
-1140772
474904
1012817
-666163
-248169
-101773
-945595
1422182
1032305
526252
-484973
1090808
-1096062
120667
892145
564937
44329
-1126938
-5000
-591285
6017
747164
-1070472
-524065
28605
1424582
-688571
-836344
647560
609167
-1685645
185413
-550789
-922251
-529615
1952079
-1785535
189722
1168522
-588360
-444057
-392909
1085802
975996
-440376
-430718
319245
303196
477038
49760
-494696
-332710
1080397
1450571
-856835
-761500
-1569766
205152
-74303
520019
-528416
1038632
738907
551239
-1132620
-1547338
-443226
-239500
-797427
229902
-904198
503395
587454
-79643
-551699
306703
138932
-750644
-634472
-1733232
953255
1716031
-220155
-51538
-1696115
1019837
249582
-802378
7202
178993
-1057157
-984245
183970
-435424
-943526
-231015
338042
-872996
-304665
391978
836373
54458
-53030
-300378
386918
1059606
452755
-378440
820031
356604
569774
-189589
381329
-595609
-401115
456880
653205
-837639
466740
568663
-283371
-305504
673003
980864
-742357
318800
55191
1803847
501072
8527
158964
566963
578712
13483
-53663
-757472
374006
1036734
939341
-1193518
208188
-14008
661489
219913
1366483
-651314
-81114
-1304640
564500
844583
-507495
-1862465
200376
-68225
-791363
161049
-223033
1734651
489805
743808
1920967
-908650
-156132
-522215
474625
238246
177401
-900654
370833
-625128
-566127
1442424
-108966
592354
757818
602638
839691
252335
-427561
505365
-285002
660906
-462129
-1574239
353322
-466506
-423621
-378446
21527
-53479
-447060
1279695
-55861
465374
-1193142
531370
-576296
-68357
87034
362264
645494
742344
47029
-549366
-119258
-907291
1057109
1699900
169713
176918
240126
-267417
-247949
-207956
882442
-224683
-1334073
-833968
-1679247
588109
754661
816431
742771
1103718
-386001
328318
702944
690962
-207309
516754
-423137
-58048
1450551
-1872760
705688
153127
207631
1337383
202796
881007
-698889
527349
-1210565
416862
766927
498246
477993
481536
-1449884
101635
224395
79973
1009563
502860
455157
11758
1106850
-75746
-1101166
868365
-548740
-56808
-494505
-24461
-1821563
654021
-406860
1067837
-1153499
-268174
14676
-303741
-202596
792012
837644
-6096
1115596
280601
41939
-977600
-776457
-903829
-1357339
378447
-518563
-278287
-293847
-431019
167634
1033310
577544
1086413
1180350
1657768
1024794
898465
-1219424
219384
-204193
-119632
333873
743109
335111
988813
-1371916
848218
728554
67764
-1446913
48370
420538
502406
1093777
330617
-664509
1647277
-953923
513192
-1087143
-237997
-1091104
18824
-924186
1195947
-581753
-220491
873733
340966
-335944
-729035
-529812
-14435
-507938
-850383
-180660
117522
-886877
624796
1563118
1359180
274281
135653
194333
1433776
-976204
-685766
1163599
-990147
-748308
831035
326545
907374
89514
1354229
-203762
-1364130
-1330590
1034166
-80168
-1137755
255337
-1183205
203090
-299243
-926473
244064
-931695
550760
-693362
-745820
123285
-1024006
-205897
-122607
620974
723413
316795
1059096
-1773400
1549669
-1418360
-1376262
1680577
1131567
1180933
367070
131489
-864910
693353
1288978
-834853
-1455285
74773
678635
287752
1450136
500296
552995
1002844
-72844
272235
461950
-1102483
624560
1515782
1751925
-1544940
-59502
184907
656293
-282104
414376
-11661
854090
-352097
962393
482482
931359
1256264
-325958
-803084
-498860
-1281873
1237620
376632
-441418
-1045282
769785
182482
854398
356682
-1673549
862642
-222578
-1254230
40378
-769911
-105714
-13348
69610
541968
286511
1064150
-289715
74735
1205303
-1072683
1323999
290457
-1000553
452165
921550
787418
-284082
1445975
-1779272
-432518
803842
665021
830844
469029
361939
1500431
716653
1685203
62012
1533785
-267724
-760017
483775
1045728
530680
-329113
-1743860
-988057
-459824
221799
-168644
752514
1099360
852660
573269
1294506
-1328420
154733
688814
-1066933
-236502
147730
-923404
554832
-370087
-1799715
-578302
33582
1436247
736562
-119895
181469
1128226
902549
654122
-1358248
763472
-759362
57942
120975
-948845
1263382
456917
-1127608
830987
-906982
340994
-358043
896672
-688194
-218396
734490
2023958
561324
-96531
-1530293
361329
694289
835007
-370633
573356
246803
-274355
-120608
-78000
156267
-1216423
343942
247411
-93370
635666
-609984
-530734
828721
-280317
-105281
1346051
1141826
698061
-516799
-606119
-385376
-3660
-862782
155828
993906
-704337
-459620
142698
-1078489
-203074
-270869
-710998
-1770650
1004315
682802
-1351126
147985
938289
1492742
1788885
-179679
845459
639190
521947
972473
-882695
-556514
-314127
1220064
1498016
-745665
1324275
138493
-429869
682982
111729
764326
-1083705
-1333266
1104956
-1417939
115195
317689
850046
24012
-921344
238385
1101085
645534
-59867
816461
-1015928
-300699
-108989
50734
761922
240760
438967
28104
1846013
255136
69620
-360216
-487930
805836
121368
834555
895194
-320049
-148642
-1313597
-586169
-918346
-760082
-524586
695546
-456041
-259673
-629971
-730155
-1642420
-385906
701868
-788618
512346
228558
-476224
-841264
757899
727875
-996314
564930
926748
617698
-619155
854062
482133
-290369
220787
1318111
845508
-121798
1520241
182879
17645
491267
231052
786428
1940830
545905
-38238
1337328
-783415
-136204
1360980
-1554863
-110214
-216728
378667
-146105
-1907617
1098211
