-246435
9519
-343423
657160
-528750
118591
-324
-514984
681329
1002934
195806
234121
57532
-926484
-144721
-1009771
179251
920860
-55875
41506
-18977
122453
-391247
426956
-910600
-939654
-761143
-305343
-278124
-451902
409206
501068
425411
228529
-326311
-95527
-831764
431124
172616
-14202
891354
935099
753896
802535
-478199
-416938
682077
528506
-795344
979877
-334843
-189457
-798574
-849863
-390785
-541253
-543669
820487
513377
7314
-240657
-880306
-989224
-820946
305124
-225517
576678
125358
801988
186226
269642
555984
-386693
275509
249769
1048312
-872725
-432545
236582
247897
-406704
-149450
-658792
581547
-309568
55710
-18792
-840280
497316
1037510
194225
35984
569124
241105
-124167
-778521
-301131
128740
-381629
-671361
542919
-279770
422420
-394863
980529
830852
356041
832356
-889028
-245638
1025319
-929275
-84524
302647
60318
-133350
-658385
-222837
-452724
863374
-746743
31247
-527679
-452017
888770
337431
-364957
-725746
-873764
-895955
707738
-1027626
383174
-269002
1008508
905425
-344131
-837001
347156
-313885
-586532
-47412
-208663
398632
127701
404036
404150
15407
-171261
-681555
860128
-703205
198750
-960905
542925
888791
-229616
773938
1030133
714315
-104662
-583387
-254587
577709
-746182
-375553
445482
-158860
-642135
235644
-898800
-490668
-1003575
932389
38459
-583223
940765
288854
-213497
931325
654042
184226
-860676
-762475
-834529
-556092
-167911
-430561
-247749
-625705
-956548
-567083
-137948
497084
464355
-727671
101591
-935899
-71671
733413
394763
-422274
545003
265490
-377935
-414266
-494847
-432317
-105407
-840550
-253574
-561978
674765
-952140
787375
864293
-934195
-832580
124656
200340
-949168
565144
592164
472828
-854677
-342768
-523663
-530506
-990160
-352003
53132
-532470
266175
-532025
454261
302103
-466502
862016
687401
310794
-524158
17891
-317225
64477
725486
-904425
-241663
-244620
684617
-469048
984775
-239382
1044758
-932375
-173270
658401
-759938
1043453
-831043
900051
-171038
-109198
-941985
376827
-874567
-933843
-272544
994492
279357
-290028
-769833
822558
-932934
72339
543148
755528
759573
665777
-466396
103691
525022
-526876
-319902
-48321
185547
-607669
-616504
-3785
484698
386912
-765192
-244686
869555
16848
-943993
-200101
-722461
766906
383781
700617
711997
1037686
-582868
-473237
119108
-772446
-968238
-874857
145788
349658
894785
272068
-270805
-752690
-302408
517947
-1048306
-936680
696937
174779
-138174
661129
-1024148
-60138
-25353
-581973
-729277
-600150
-529567
413666
717889
-765388
200072
692367
967918
840279
382240
-975792
279808
-754156
-805021
549682
-815714
-218839
18524
-126290
-1009058
408294
-942096
-208829
929876
135057
792732
-689666
165525
136373
-119343
162282
907043
-630066
456293
797448
-749929
198313
-285189
375763
-993518
-441547
607492
-967068
-873133
-794898
872509
781273
423366
-550420
-323319
-163324
932663
-802267
368337
-484366
-458148
-156060
652496
-55906
-33289
-186254
-267430
-357980
155780
-561245
-323153
-334636
-247496
970280
756115
-519789
-763108
-894747
-110053
-757470
459713
-1033018
690310
73522
-623388
451801
-1026608
227708
146435
347819
-581021
-765689
-812206
763477
-663852
-581740
770305
865287
729503
251011
-1048144
516238
-165800
416616
-503793
319244
-632400
145850
-37483
729927
-387636
-747605
-292173
225511
-296555
-550245
613072
-140774
205018
-646035
118825
166995
-851974
-480844
-9230
-151613
-982459
-385694
106325
625376
-848837
528708
-300164
308390
-564741
-390354
728529
-390145
946570
717503
939450
-933834
-913373
-695541
4097
309501
-692277
-644616
122175
-1047785
-286652
757723
209606
-311739
-1000984
-248943
-1031838
617694
-757981
460524
-733104
-511690
800680
202914
338606
-344367
-821168
-133457
-95456
231351
367758
-789098
-415955
-550637
-464077
-186775
1027115
-743077
784241
672268
126447
-894268
-349327
-848684
-371298
-310641
-837417
-896821
-866415
213151
-25650
-422366
-586431
-438746
703066
-524797
526790
-615201
628851
770763
-70980
387151
1031381
-202175
55415
324713
-960577
116565
-845597
-850953
-264610
60850
642538
350270
198877
499649
789345
-12715
100479
-901019
-282608
795712
-181585
-525930
-899862
-644509
373418
-711514
-721225
-859878
566709
713295
390173
-421707
717116
602609
-880797
928058
945576
656834
-100621
-1016326
657792
260890
38233
285967
-1027905
1028716
470625
345586
-561820
-817812
617908
153033
198893
680601
985835
-118652
-360523
-338968
-945626
-531695
1017028
-468026
-1016790
176835
17739
890587
-240716
916361
302027
-402586
507291
-411056
304103
-277171
949943
75691
459995
-614790
-211727
777115
69476
-209492
-752275
-286813
552320
-834464
283173
410567
176137
-709856
-279826
261174
-200103
-221498
74368
133438
26894
551807
-759255
-577778
516540
-873659
-927885
888618
-222043
260843
-753674
-990257
856420
-870507
-754445
-502962
722341
396597
376396
-35898
430867
-487394
-599087
-345348
-622763
-590033
-385522
23489
211754
651007
411103
922114
-203766
-876703
488392
16106
304833
-64991
899198
57808
-261664
13202
-290877
958010
-675167
1019218
686538
-723037
-1031121
474904
-640383
-859933
-648325
895941
667892
750675
410804
28514
-292568
-744597
-644529
-804756
770930
784167
-138095
-165124
-963725
155065
959038
630538
295379
-1024746
339776
-228260
641165
-542606
661743
-857760
-192578
700481
915289
-193843
-521362
111100
901447
-74199
-769137
-783909
723646
431116
646722
809077
869764
179836
766879
-852300
-52763
-934110
207033
721834
-445148
-85272
280316
476593
-388481
193984
129834
381465
-784098
-501245
272164
838278
618534
145861
-732214
433964
241067
573762
-948649
772389
931086
-567365
-1030071
590839
233431
809194
-951428
674909
-717743
-777405
204592
-1047235
357976
-168261
922549
-668981
-484672
-359444
-834771
667088
1035103
-69426
-427452
243099
691764
113894
-134357
982845
-1007924
563325
-110463
1016359
798090
281185
-304364
-524330
692174
-591026
376982
988812
942324
383537
766583
-494935
1020238
-940100
-908808
-685366
-778157
-160143
939903
-989673
-775037
-147210
599283
-278028
40846
411682
586357
666494
400501
256145
-569339
-199028
643739
575381
-485142
185800
-781595
973777
679260
-941097
956632
5949
-109886
630606
-405621
584246
284078
-241284
-136744
-972030
-630058
189981
899867
-345619
-396261
499547
-977763
560301
438037
-808356
720893
586906
870321
-67467
428991
243665
426054
689740
26810
-542854
512766
-127943
121694
941999
-286552
-199967
176421
-803800
-933472
-405721
355370
8282
-633255
960996
-840712
310979
716048
58330
833228
907575
-450795
824905
-881290
-304435
-873268
165415
170735
444228
648539
634336
-444040
-666355
-152489
971781
-69137
95975
-891958
1041445
65952
767225
133353
1021202
888980
1031712
-457931
-692654
363661
634415
447408
269528
-54623
883252
314531
559840
-587738
-139997
-940451
-777297
-135514
-691468
-999926
664663
994586
-637509
907646
-538755
-1011983
-740999
-428207
489228
613802
-875026
-687167
57486
490890
621967
-397479
213984
-679991
854736
949898
710055
968862
-134324
-485199
993209
225547
-608744
663204
-196713
-453669
399705
-131172
-587732
-132231
811366
-86246
-534852
553082
31739
-854121
529505
28784
372331
548649
639866
876365
100769
925918
755247
990253
-493294
-313299
961142
80105
180948
-45501
-698670
181281
765323
-931925
771145
364371
-224830
-554905
-781788
-564795
-327044
-639311
-727093
-249914
-7549
1019743
206409
260321
-634919
-690548
-1024960
206075
-673755
413553
-131811
889714
-280867
-559104
-1036032
66366
876880
775231
112258
887738
92944
-542187
-517621
-1029852
-1011086
879281
512245
639485
-812093
340140
959936
-485123
-764631
226945
249100
-855493
882916
-321224
-411154
528632
-740932
269539
-699072
898214
392217
-697448
297705
492728
639760
-630844
807300
244751
145909
71683
-601424
-105511
-1003785
-428510
-391914
-328020
478771
612297
408645
-1047320
242307
418703
219001
-354735
993752
958638
-937652
-290132
687865
540205
-826330
-446442
-77581
-563907
963939
824847
173575
948189
955748
-607633
-715039
937374
-551772
-593779
-84670
272959
-417842
901896
297017
346681
-828165
56376
-255584
-51856
28212
481265
-326772
-196410
-449150
-888972
1001000
-509109
956781
-143154
-331899
-222850
725520
-816390
-298225
-58158
-242108
490724
810322
593425
26247
816152
755370
107956
646807
764900
792903
186584
723336
-409385
1043838
-644561
558311
859929
-523928
67293
-21683
450676
-328406
430089
377911
146741
-774373
-194796
-990408
-180391
750900
765226
-865453
629788
-914852
486903
155397
338877
-429058
273257
-821747
127231
957795
753040
-509083
571776
581011
-1028287
144379
-1032736
-180367
-177927
820992
-956589
-814548
609722
-958768
935329
-813136
-494470
-552455
-748210
-940983
-403043
-323876
-883250
823572
-235109
513732
795708
-286382
252532
-327298
981469
-485902
125494
327770
-514187
975946
430343
-551825
-193878
-648390
-217728
898484
-17213
-594548
619174
-174844
-583667
690067
-1041814
-495731
-765857
120963
-63507
-616094
-316743
790495
559065
-85103
-953542
-165209
-149355
-464493
-54965
358133
-492115
-811302
-6289
-332685
308481
-286885
256703
-700921
582365
553129
835251
-622453
-16793
463366
-619701
900959
-774355
-617017
-802540
-519224
-516360
675139
-37105
724744
1004912
-1033039
782337
-479066
891209
-80392
1028092
331610
-431780
-858334
971471
8531
-164496
-808536
-775076
719802
-694155
977810
370034
784938
155017
-268312
804477
915363
1016590
628858
-1046587
736583
393494
776558
-682403
-853016
110045
-699036
167158
-802679
-152563
567217
167645
-997716
705049
445543
363686
5378
-860026
271958
-710555
-447352
-853345
-90414
454940
820360
-68127
427109
994349
51415
97280
357593
-289298
894517
-909206
-294616
-184539
315427
-550196
-303320
899605
813567
393527
372340
233194
-1043780
537198
-469810
367422
364340
930353
409621
851353
152886
342878
-493562
283240
-592791
-855668
677677
-755303
-862445
707833
882263
348905
-511910
-166673
227563
-183187
140974
-360393
322638
442510
-544817
-281472
-744213
-183466
-684286
249990
-383781
-276623
812672
-920258
851607
-827783
694942
875574
79435
-339923
-348751
659520
532586
642942
-983995
-671859
-826601
341619
-411165
361582
860151
-398820
760218
152109
-12789
940765
184497
1027016
-884949
-488289
937459
53540
-743349
-242298
981633
320947
-884823
-541390
-782054
377427
-831808
-52171
707121
387731
-701078
560088
-735037
673871
-862202
18592
-296927
-228563
462816
840947
745685
-105595
-196455
450905
-326015
395454
-627169
-549473
1023009
239375
249139
12633
856801
-253707
-587624
75525
13266
-801477
-259484
582178
-937839
299976
220589
-621293
-269769
489622
912363
-839417
-898145
120747
757720
-932552
538172
417691
-316416
-705327
933357
-766995
-709014
429147
21672
-399691
448565
611161
360494
43466
-730503
392563
-662838
-46044
663351
183930
89742
406816
541281
-202914
51453
-753603
213364
-294522
587599
-811381
1001047
280723
517791
-427360
-632871
511958
-600636
57844
768426
-455796
-312320
-144254
4661
-445348
625949
776011
-108889
347356
-748879
277891
872379
507666
809514
-1039967
63672
-253018
21165
180491
-577553
-460578
-797375
-551852
-227109
-341253
353447
-396839
133083
688056
73844
252741
822340
441907
543702
-270526
295017
761179
-463321
28792
105892
746746
-466298
-53767
362305
122147
333044
51287
8496
222349
-46193
-251017
582935
-10728
12369
49145
-229891
620599
894102
449696
-26628
16141
-257023
943537
-822954
-188218
283461
-90660
657417
838010
-346304
505578
349977
76709
631826
430847
-217682
122828
-838398
860107
571213
10656
-1035724
59441
491904
-193531
-368500
174896
740245
155419
794410
987261
-660328
-50108
-125565
809434
-385951
-111310
-948316
-242064
-1019523
-887376
649473
612309
692843
-84031
-324036
500179
518672
442143
618765
-898476
650157
-973662
-601586
351294
-850517
268934
-542414
-661808
786339
-2400
865226
68907
436111
-896182
833607
-633359
671060
470801
-316890
850077
714508
567003
-469629
-381571
-130884
135908
1047965
616793
404673
271738
575866
265559
-501345
766047
-311991
-700449
-500333
-714769
1018122
236265
351642
239626
353321
-81177
-647882
456012
-230825
341157
51855
-28141
781713
1015932
-967585
510201
-556069
777035
948009
208385
976411
-595847
790684
-918434
-496650
669264
811078
122721
635190
-712513
-516450
-646267
123321
-32338
763841
-184304
-259383
789867
591220
-479229
486836
-653170
287904
-260094
-559040
-948620
-364118
146770
282137
-484885
318499
174899
-70605
-402614
566953
311405
284499
905213
1014323
-279505
-504715
-573138
-609692
-492148
-391966
-1029497
-92270
635509
-195171
-449639
1012831
659442
863084
221970
791890
654111
818817
-1048225
700973
-266416
-204265
-177797
-205261
876396
984011
-564358
475254
886323
-764530
-693574
-127485
453331
816789
696154
-569738
-673272
616584
-733998
157326
-743846
-677165
-140810
193067
-496158
267543
-179435
-378373
96975
186935
514896
295767
-558254
891182
-12264
-530843
-388384
-375228
-523878
675045
676024
1044133
182509
635141
186164
973082
-89784
-72084
166548
-763298
-740508
505448
-371914
492721
850786
532267
-319678
-346867
-300812
977235
-381667
-670112
853513
-815820
-658456
146017
-566313
418849
-724223
-248535
-1016392
-888236
1028360
-811960
-244412
-741499
58357
778293
755686
721977
-987429
831698
-675641
-984677
1007045
99256
511016
-210975
-860201
-1008604
717274
691023
-244462
-811584
631993
747972
589411
1039015
849901
515843
793848
864796
483628
-177243
-974701
-258683
963565
814125
-752557
-226786
636347
495841
69356
-392888
-806360
978772
-229351
396332
834566
371463
561480
159582
-35758
325985
-313395
768954
1012430
552297
-579809
-23689
134306
38557
-201426
-968564
586913
-465937
-544536
176584
153664
640113
-496762
166768
-230102
-562230
513147
-811655
-139822
966596
-137220
923070
904702
-749931
682139
624733
101506
-411810
580210
-1034062
96441
89914
-157079
813308
832819
-458887
873774
328515
939893
530901
788512
-977337
-613578
937692
523330
769003
712779
-964920
-965910
-253195
-144017
-872497
800165
914493
524494
-63146
325245
-522420
38387
726539
-175803
163078
-378764
66215
60869
-753592
-1030703
-130278
38701
788038
215440
-548557
618002
630900
-132177
-12765
-969212
526698
-678563
-870591
313288
-350849
961111
-18893
-315238
1026386
-782855
584861
-498041
233339
-1021304
778647
748956
1000378
635893
601677
-617598
-54311
208398
403292
-250699
-364271
466448
509119
-829968
156126
515470
-973389
-355906
341570
41351
775600
-594173
-965422
777524
427611
-788666
512394
196612
6720
-619381
-522768
-633694
-529080
-712922
560050
588055
-71438
-89644
-896209
-1031343
575670
-994044
-941151
-910284
840637
79864
-907904
777509
392533
835605
971966
712653
975447
-289720
187433
1003589
-84954
-738085
-368897
553492
782584
-457286
958897
-429359
-756336
909354
-216713
-140603
-424390
-960943
668160
-851456
915608
-208444
776449
-897243
-810539
-673736
88462
602995
-180437
525941
24087
-479109
907764
-387477
851616
793408
-297412
-601079
799346
439743
-373618
544692
-526754
899877
-285470
842970
1042323
-345872
-598869
-539571
97237
-906767
-674794
-243266
442196
304383
-675687
164010
156164
-726211
-1036539
575395
-328460
-464957
-790152
482739
-581186
251753
253864
-613615
156237
889651
794474
-440886
941441
-402415
416027
702562
359880
746072
379829
1026184
725665
339728
-378067
-780907
-234662
1009187
-157593
514601
759571
-506482
-494115
670009
-508448
310986
-372904
930934
186039
-999142
264080
