-409111
-463249
586730
-600494
-622414
191815
468190
-460641
176250
-925850
-626151
917500
722911
578308
203230
-897292
-436774
532168
513279
-213009
489887
-894513
643797
595672
321881
-451636
431764
8810
-628213
-434056
-332534
412753
936978
-339252
-149668
793505
-754242
-640781
941250
316053
-214490
596203
-768987
-441914
-980591
-431654
1045988
237673
-617336
407661
-301244
-707836
-175415
231498
-412584
604319
-11016
977376
1000564
576471
374075
145502
635789
315121
385545
194767
-1012916
-161780
125976
-984454
-775874
77421
-105107
688947
131798
-220101
-699168
715776
983757
589514
480390
-603877
676224
-375402
-2391
-272439
-580771
-864669
-979535
-1012542
316785
-998042
-655820
680213
519249
-463798
-693042
-460343
-342320
-390072
1018053
789566
88765
-438773
-942293
-166245
-837708
435176
-824871
891382
427834
-1022642
482091
657281
349430
-991169
952648
-486710
692988
-737816
308495
-349590
198310
661250
265465
255524
539677
-79837
-639177
-133480
708126
599617
970778
-955641
-929246
-580880
558872
454135
-355463
445252
-40221
306423
-498615
-525018
957815
654020
-865601
140075
506458
552094
632598
-785347
943306
-954333
-677621
-595082
-691412
-516781
-670629
60149
-79698
591927
-861871
217006
-743113
311440
925668
587886
162918
-700338
-499212
446810
53896
170719
465152
-917667
1037385
-246942
248571
-383770
-747421
-560269
80085
-437123
283475
1041590
-959802
663102
891499
-43961
-496726
911623
-1036061
873263
1005623
465637
96570
459795
-431679
-378409
-619250
232186
-792308
-892569
982100
429999
566510
611315
-310575
199008
-136581
-72632
-917066
116540
33589
-779756
388458
-862140
-686396
570070
755507
-675190
-873883
563956
-345566
-202305
-461103
922788
28720
-313306
-228865
-166948
547477
-954435
-844461
682647
827559
799909
1046536
-90029
-732306
-827882
-231473
-193770
-797329
19826
-1006525
-1007903
577599
-213345
-120528
85852
49104
326643
255789
-352918
-458189
-773661
-533655
685155
627743
570992
848766
20107
829281
-703590
22302
400118
457080
617220
-389980
972252
-328882
428578
-780060
-177462
-232045
-57971
-858056
-232197
166675
-884110
-51445
477219
33688
-329794
446519
101327
-199703
516514
-824784
435207
552899
362575
919395
-1039824
-309014
-426497
-488921
97580
-504571
1014728
310522
344480
-362416
-114960
-302572
415081
-504931
852682
-813553
-499160
-265731
595260
-784309
-932077
763455
-51697
-649820
-897998
-450997
-523262
73429
-506074
578784
517231
196244
769299
-1012843
-1023990
-730054
-397368
-834002
69781
-175715
-583459
105288
-666746
212373
8285
-177756
890741
-115642
-630356
-853370
471240
-834882
1037784
846841
-979086
-271155
265698
-43189
348211
-613773
-48047
480559
-714310
-578440
771198
-612304
445358
959315
-962601
157487
552296
554123
622706
-722689
-203366
963296
903944
-2264
701170
-943127
292912
-70498
-963011
904790
133633
270657
116492
-179891
-894822
-449898
932297
-641645
-516548
-865266
-257394
913984
-324694
-1011628
-874398
992200
292815
484367
-477992
918635
609216
705883
345648
284476
405443
-770383
-707214
964489
-117940
-1001579
-864231
-405866
-284703
73501
-300923
-58762
-422574
915341
-489888
-620389
317362
589689
950235
694218
-80766
519366
755527
-29898
875577
219353
-160271
957015
390850
-703278
667303
-123121
-826640
525333
-304162
805788
743063
163030
659665
-126971
197766
-272798
331664
894859
556301
554956
-858468
-47540
883188
170562
-525717
-717565
555762
527140
-47925
933817
939398
805034
909409
-433403
-224322
-650427
-807992
530762
28453
115356
-280804
252481
-732208
307296
587250
-119440
1048094
-927850
168586
-412395
-284197
22051
-1003461
89793
-673302
-14288
-988809
-558143
535410
502620
-859767
-697875
320896
267031
-638630
566161
-801103
432031
546350
-1028998
-238075
-135680
-877684
-625220
602635
367716
-921147
658594
940681
986632
-824531
524869
-137937
683448
-1017596
-433522
526531
366197
-449463
-375470
373451
763019
-1044871
859191
897066
-99503
315858
-657198
750906
-658226
-3958
-903423
-953341
-465172
-718171
-218178
284066
-256014
-895515
541561
891038
787264
-134122
-1019104
-706922
-954023
303258
-918321
-147873
-975958
-37898
-455682
-489584
244466
-620236
583577
49980
405078
-952547
913760
-115016
-880065
-956576
671423
-790726
-191404
-193862
-702787
15935
588191
865503
171878
1008535
-358445
-1039624
-508314
386552
313221
499685
-160979
-420486
-558739
361286
-709323
4020
1007422
38304
-592042
1018548
122823
921825
820314
43125
-1010815
-745920
-401960
-222510
488400
-779361
717954
-820591
-837826
-153398
265216
746154
685976
-780131
864358
-197475
-258314
595259
629494
-287931
398659
-185527
-103472
-807280
-679074
-812390
943012
43050
942126
-823366
-258909
282831
653222
-318512
-680461
518461
-789115
257320
33577
-276264
575506
-922590
877892
197149
953607
106276
281361
528854
635795
-826407
91919
-949286
-591304
933796
588771
-238857
2242
-1043443
638180
434747
-341105
40785
455256
333298
533706
-428891
-840415
-6402
572611
389678
959194
196200
-568062
96073
-835298
595125
314874
786381
371409
-832791
14661
-880206
-756187
-828590
886241
21659
-627489
707748
547214
223338
282193
-627775
149461
66498
590705
-290195
1012957
516425
721320
162471
-818395
-1013330
565147
-930081
634922
-316361
329641
-27201
451074
155211
564089
-944250
259131
-893631
-917637
918952
64391
268899
354702
995884
-840285
-652489
984540
18563
538579
278858
-168313
-265629
788329
902217
-611995
-709622
7668
581732
-43988
-729050
553542
596392
-823841
774090
36432
887533
35160
629030
748056
36770
-971578
754446
1047494
-811996
529531
934731
537625
-798799
378277
-183659
769611
428301
995451
515609
156486
1007133
-1008957
-631227
-647273
201773
199806
-7942
1023823
790482
329450
130281
-231609
411535
61467
-959725
-51605
1022181
76980
122118
451422
-604881
987884
337453
516665
670082
216944
775111
-742696
148262
701314
549
941295
-470483
151287
659295
928685
989435
-290356
161298
451011
-511395
-787575
250075
-810516
659906
484114
-516540
412289
327951
416075
-986259
-156601
60143
-256428
-895521
-633670
-318880
321444
977728
157546
700101
209975
625260
961777
38148
-48790
-594906
523158
-877498
843408
-488823
951066
681256
-597902
285422
719018
502749
-219427
-232339
346606
761947
1032192
-235823
904362
511393
-620216
-100081
79368
376176
233520
-750203
1004556
23093
-302172
-52582
942891
-117166
318023
489174
14785
704266
-399776
900435
-887882
-481449
-441711
45896
-780657
-942408
384049
491562
597909
-431492
-281580
580849
645525
295570
-902329
475521
-607219
526063
-747375
580047
202726
284763
372519
513009
-994884
338688
169408
618599
282377
66265
-967417
-132635
-844738
-598835
-30874
-491334
249308
-34946
552416
222300
265344
-447223
-898848
-773624
252260
-991435
-353467
20024
-699941
-505511
771118
-972282
-457642
-182282
-579691
-514446
1027626
-573597
-1008874
241553
-696524
314968
633436
-945132
-616836
259211
313059
336279
-515199
-15703
683680
246034
713381
-661336
-107974
-316469
416003
-880543
-239319
787139
-843122
225910
371955
-697601
173532
-820571
451778
-225602
665029
-238902
216090
966311
-802258
-769248
-656416
967504
450102
-559897
-420099
333067
-789590
-345526
987401
579229
-1019783
-34377
632142
-97830
516271
-698047
149979
774068
201958
874544
-69156
443348
-605896
-202215
-665391
-935644
1009856
-125382
-31637
-526426
682164
-225863
-949228
698561
497068
-341293
548416
598726
201342
540003
-818890
-607861
-657626
-706636
-696532
863335
-289862
631874
576914
-1010503
-586959
-921841
-195067
621493
-750455
-572817
877842
-299695
687411
-494186
955912
780216
908270
1044623
-941719
582819
-902787
-90625
284270
-572674
386118
-812449
-511122
-403288
114906
581792
542491
640187
-901682
108052
-49008
868192
386822
231633
-1047361
-218500
-102337
-19243
654464
487647
-602577
792001
-690803
-688044
-730353
-1006646
-6208
-501492
-751190
126920
-206430
-11467
-58967
-22596
102936
-624432
-694716
726299
-150979
-881505
598685
289906
519419
350936
-507504
820661
779507
-429317
-759374
508370
751922
352831
109242
247869
-515117
-512975
1018839
550741
143141
-151518
-358869
1020418
720638
465185
447514
558466
815028
155840
-232325
569556
910136
-136044
640075
-201102
-87396
437224
-910204
-849078
875786
445879
915132
327818
-956479
-932348
770296
-282645
-708204
572094
6702
-87130
640636
158949
906007
609626
-839667
-874874
672178
200019
730566
-985307
576386
522983
130086
-832203
-564508
28958
-493020
50933
98067
884571
767972
136900
338957
257305
753011
-592801
-888845
-985766
-224648
-724619
-1017230
245270
-652049
758941
325280
330695
1029152
241760
-848363
-539021
508961
787666
-527318
69062
338126
-675071
-103240
-40408
-240631
657584
-312036
-446457
-837919
-806444
744727
-546965
-170801
-936675
-391048
719519
561208
52942
-217648
-843195
452724
-726079
-757926
-87819
586829
641188
1014666
-116965
237890
623367
919731
374738
476723
-802614
533903
795097
587922
-491771
-526419
-956002
-814025
265519
428143
-929055
39438
69592
-442688
136351
304636
-409697
-732535
-797665
400979
119558
-259774
1038856
-973334
-826028
-164624
-558175
459441
326430
-626612
-619477
-476372
320641
-367384
-459616
-844691
559604
-49369
-817190
-908405
-307835
713423
946576
271717
552281
67033
-813727
361037
534496
-344849
556657
1045368
531484
910555
-951131
-807902
-841083
-735371
129746
-84768
-62632
380966
572367
232567
-337069
-399621
-561010
136548
-559547
327349
-809374
-704917
309934
830123
316381
-862377
786904
939353
-475080
105191
770776
166538
-1027718
867653
160476
2981
-856437
-649432
295172
-46388
971556
-536907
-386418
-267949
666734
353003
116742
814326
914687
436232
200643
-257925
-980979
144953
477752
-168536
646204
-229074
-363623
-47332
-792629
-164403
19409
-454003
1098
-993677
365141
-882664
569700
-203670
556750
-1045774
-464912
660228
-490195
682440
54416
307277
-215031
-244617
-213706
763203
-130728
-399124
435109
374975
-162019
-618627
-273019
228001
-339013
-283868
-919324
678532
-652285
432523
664675
-193762
655656
-585938
268202
-334375
-72071
766272
982916
-564077
-620037
-56634
966012
138552
449909
235019
-426097
-142180
305185
-645259
329045
-753794
1027231
-924551
309261
-451329
-285771
431519
600749
97278
-768169
143148
775119
994840
875882
518346
576956
-258549
237450
-670330
746111
-996177
790723
550789
100305
-1035177
671359
561912
-340148
-643623
525396
-396122
399173
792930
277113
-497606
234007
-842355
708291
816620
551671
845806
-867454
-587178
346554
-293959
526575
-449179
-254296
-461017
512219
150846
61801
526813
-148553
-753093
-352759
-968480
-605835
175712
1018722
-1018540
898736
739375
-610032
-44366
-841474
474641
615502
-483842
299785
-73318
966034
523082
-613591
-678626
-422452
673581
909290
-653921
-812953
-816163
-8212
220219
-67580
282965
37585
458184
33448
-705260
-914467
-955184
361136
-855271
-538524
-448402
815715
731708
-84304
-106351
-319246
-637079
-641755
-981828
-984353
675364
843652
-727821
-861052
-656148
956165
502600
-823543
-173289
756546
-596579
-186870
735822
-208315
-602273
-584462
734881
-1006079
-992721
318134
583632
-767882
-494937
-844080
657444
764589
-308424
84881
791239
250712
-176972
276709
435096
-957914
-523262
123836
601918
-846135
244391
614856
-32354
-888439
683731
968495
-791502
548691
-565408
909745
51376
35155
142823
823986
-364825
836437
134555
-1040933
464666
379317
101331
-847214
-297390
-363985
584780
-411913
935636
-433632
-203942
-466242
-295607
273370
-518151
-826741
140935
-560129
-597832
529549
-397929
994406
334386
-50602
933706
-248322
-106024
-396650
-334809
624197
288711
47662
612897
394395
321249
792951
-721275
-100489
841849
926674
339512
-266337
-869704
-113400
613474
10749
511533
-972653
2028
384011
-692555
163968
683335
-839818
-444660
414469
-124768
29263
-296960
-302237
57063
-739417
-383767
679154
-204583
27836
-519974
-79737
262313
-776407
921201
651935
-447080
-227755
-31612
-843283
-513508
293389
116395
87308
-633624
-333635
-964478
-430013
518396
464789
503145
750397
-304824
976200
246932
921787
-548466
464899
-394996
-839761
434619
-905175
195487
709196
-569404
389374
-5589
-95404
-103042
-263335
-292131
913512
97663
-312832
355272
-153654
-737371
618085
870662
-43348
1041901
-260981
639461
271141
316983
-666966
-621937
381529
104430
-344712
-234411
534579
-872943
1018139
-553630
785700
-668614
-586673
-160223
-233136
200018
225059
526239
-290595
210383
-733722
321444
-472885
-203319
-294137
-865191
770413
510934
-186017
-929356
-235848
617273
20479
-81898
223329
958380
865878
370683
79648
-171199
-481589
62223
84633
511670
948370
-541285
4802
-807558
372964
-157769
832294
-753339
175855
-32793
-314383
397623
900355
8763
1030693
-219925
355866
-343297
439168
-950294
-174243
-428028
928404
-402318
157882
776758
154031
-850840
-1024802
28442
-905617
-495674
-319540
207724
492750
-362999
-50249
887094
315047
91772
-499488
8169
460694
-886420
-613682
997051
-226849
-7800
325587
698459
414653
-761272
821962
115916
-1017263
-1029778
56931
301499
-467643
-598176
-367385
861546
-445260
-360160
-174785
-207472
799295
323030
142416
-905075
-212046
38515
618892
562617
-54880
-438891
337119
-785971
717971
-742719
-391585
673532
1032311
669917
578045
991690
143694
-23921
597955
-590391
-643701
-557220
-69337
-301659
411121
-349605
37152
208996
-937640
-211393
639193
-127782
883243
552217
937800
-792383
167284
-451440
160452
-351460
807264
794699
-124682
-122746
566061
-352084
559896
694784
-485540
-767326
-824845
-968478
468666
-635798
-993715
-465473
793474
48176
815841
558108
-704985
275729
243359
-709694
-136206
-923575
-745827
483414
-97158
772070
848741
551003
521940
214557
238707
-935463
400929
-614245
-250622
-229974
296817
685912
127728
865765
-745210
-528959
713928
822100
17536
-363790
820826
626657
388138
745310
-468889
745273
709613
-146439
-453917
522398
-238323
-1041892
-778940
-22147
-206629
365816
703853
-47651
184867
328166
636415
969261
-806000
116346
-37725
-891130
-399580
526494
-989619
493963
383505
-769012
-448024
-5119
648209
521122
428662
-436533
497326
1034726
666887
-389036
236774
-80799
928533
-192313
-597996
302271
475810
-812370
-195399
-124127
-243867
139998
663333
333110
-997043
-14466
1023580
-74569
-698208
-912695
415640
485891
431715
-119934
937627
-219645
-783474
709360
-234126
-359203
-243034
699848
-94159
-134721
-139934
-15811
434688
51197
-707928
683385
833657
945214
691341
102582
-83351
248318
525420
-149860
-404222
405851
-632899
-369976
1038907
-47146
-778744
723175
230153
-860366
163678
602938
-443222
-629524
545756
657137
816919
-892332
-129988
928910
334514
-31116
-797741
181571
54770
666572
715432
-288379
365378
567852
326467
-226372
328442
904929
-659315
-372323
436796
-566483
-800413
526133
73597
921255
-110805
912121
1012623
42539
120570
290520
-1040015
178410
-1016753
438211
-89694
-552648
736379
629183
1046667
-184607
443238
-904908
38824
-94041
406838
-8415
-147129
25823
450227
-774026
-683406
-11579
-85288
-281320
253350
-760424
416014
-793981
-886319
-916209
650633
126473
-460158
977303
1018710
-958963
-260078
506146
474011
-382699
408693
37097
-176776
-178269
-87379
884548
-706396
-481775
958231
99436
-501627
494057
-542786
-322083
869334
1011959
1021090
931643
703498
-552839
577757
-276933
357911
690971
-1046415
-421200
156176
-552267
-332144
-908475
834131
